{
  "format_version": 6,
  "format_version_initial": 6,
  "label": "edited_10472",
  "attributes": {
    "design_id": 11359,
    "design_version": null,
    "measurements": {
      "type": "face",
      "visible": true
    },
    "design_bbox": {
      "min": {
        "x": -1282.5,
        "y": -223.50000152588098,
        "z": -1223.75
      },
      "max": {
        "x": 1854.2499999999598,
        "y": 992.6701006545461,
        "z": 1525.1646971572447
      }
    },
    "feedback": {
      "after_parts_added": true,
      "after_design_saved": false,
      "after_design_exported": false
    }
  },
  "vertices_by_index": [
    {
      "id": 4294967296,
      "attributes": {
        "part_number": "MO-LM-027-1530__2",
        "short_name": "Heavy Duty Enclosed Timing Belt Actuator, 1530mm Length_1",
        "fixed_to_ground": false,
        "local_matrix": {
          "m": [
            1,
            1.734723475976807e-18,
            1.0570971181733668e-18,
            0,
            0,
            1,
            1.734723475976807e-18,
            0,
            2.710505431213761e-19,
            0,
            1,
            0,
            -500.00000000000006,
            45.000000000000114,
            -1035,
            1
          ]
        },
        "translation_in_mm": 642.5,
        "inner_matrices_baseid": 47244640256,
        "inner_matrices": [
          {
            "hnode_name": "MO-LM-025-0007",
            "hid_offset": 28,
            "mat": {
              "m": [
                1,
                -2.220446049250315e-16,
                3.330669073875471e-16,
                0,
                3.3306690738754716e-16,
                2.77555756156289e-16,
                -1,
                0,
                2.220446049250314e-16,
                1,
                2.775557561562891e-16,
                0,
                0,
                42.50000000000021,
                -136.25,
                1
              ]
            }
          },
          {
            "hnode_name": "MO-BR-001-0004",
            "hid_offset": 27,
            "mat": {
              "m": [
                5.658465814798551e-15,
                -0.9882985103276443,
                0.15253214246236535,
                0,
                -3.3068637649150677e-15,
                -0.15253214246236535,
                -0.9882985103276443,
                0,
                1.0000000000000002,
                5.087850320611649e-15,
                -4.1312664465033035e-15,
                0,
                32.00000000000216,
                1.5631940186722204e-13,
                -141.25000000000068,
                1
              ]
            }
          },
          {
            "hnode_name": "MO-LM-025-0014__2",
            "hid_offset": 26,
            "mat": {
              "m": [
                1,
                -6.652986319022698e-16,
                -3.168036366443752e-18,
                0,
                6.441264742783632e-16,
                0.9669625831798359,
                0.2549183452209335,
                0,
                -1.6653345369377343e-16,
                -0.2549183452209335,
                0.9669625831798359,
                0,
                -38.50000000000006,
                -1.4210854715202004e-13,
                1541.25,
                1
              ]
            }
          },
          {
            "hnode_name": "MO-LM-025-0013__2_6497K113",
            "hid_offset": 25,
            "mat": {
              "m": [
                5.102048110506303e-16,
                0.9850755613165381,
                0.17212245204187476,
                0,
                1.0838594120342131e-16,
                0.17212245204187476,
                -0.9850755613165381,
                0,
                -1,
                5.212459445988972e-16,
                -1.8950638748185658e-17,
                0,
                -0.29000000000002046,
                1.9895196601282805e-13,
                -141.25,
                1
              ]
            }
          },
          {
            "hnode_name": "HW-FN-003-0100_HW-FN-003-0100",
            "hid_offset": 24,
            "mat": {
              "m": [
                -0.2515397395189071,
                0.9678469710872482,
                0,
                0,
                0.9678469710872482,
                0.2515397395189071,
                0,
                0,
                0,
                0,
                -1.0000000000000002,
                0,
                25.5,
                34.999999999999844,
                1480.15,
                1
              ]
            }
          },
          {
            "hnode_name": "MO-LM-025-0002",
            "hid_offset": 23,
            "mat": {
              "m": [
                -1,
                5.551115123125782e-16,
                0,
                0,
                5.551115123125782e-16,
                1,
                0,
                0,
                0,
                0,
                -1,
                0,
                0,
                0,
                -65,
                1
              ]
            }
          },
          {
            "hnode_name": "MO-LM-025-0013__2_6497K113",
            "hid_offset": 22,
            "mat": {
              "m": [
                -1.3164596278837406e-16,
                -0.21707062880435488,
                0.9761559005151186,
                0,
                -5.047036773704773e-16,
                -0.9761559005151186,
                -0.21707062880435488,
                0,
                1.0000000000000002,
                -5.212459445988972e-16,
                1.8950638748185288e-17,
                0,
                0.2899999999999636,
                -1.7053025658242404e-13,
                1541.25,
                1
              ]
            }
          },
          {
            "hnode_name": "MO-BR-001-0004",
            "hid_offset": 21,
            "mat": {
              "m": [
                -5.731211740422786e-15,
                0.51835507007406,
                -0.8551654935324018,
                0,
                3.150874999032433e-15,
                -0.8551654935324018,
                -0.51835507007406,
                0,
                -1,
                -5.6653222369226054e-15,
                3.2678624856192863e-15,
                0,
                -32.00000000000222,
                -7.389644451905042e-13,
                1541.2499999999998,
                1
              ]
            }
          },
          {
            "hnode_name": "HW-FN-003-0100_HW-FN-003-0100",
            "hid_offset": 20,
            "mat": {
              "m": [
                1,
                0,
                0,
                0,
                0,
                1,
                0,
                0,
                0,
                0,
                1,
                0,
                -25.499999999999943,
                35.0000000000001,
                -80.15000000000009,
                1
              ]
            }
          },
          {
            "hnode_name": "HW-FN-003-0100_HW-FN-003-0100",
            "hid_offset": 19,
            "mat": {
              "m": [
                -0.9237280213470682,
                -0.3830490080632378,
                0,
                0,
                -0.3830490080632378,
                0.9237280213470682,
                0,
                0,
                0,
                0,
                -1.0000000000000002,
                0,
                -25.5,
                -35.00000000000014,
                1480.15,
                1
              ]
            }
          },
          {
            "hnode_name": "MO-LM-025-0008",
            "hid_offset": 18,
            "mat": {
              "m": [
                -1,
                -4.85722573273506e-17,
                0,
                0,
                -4.85722573273506e-17,
                1,
                0,
                0,
                0,
                0,
                -1,
                0,
                0,
                4.263256414560601e-14,
                1490.0000000000002,
                1
              ]
            }
          },
          {
            "hnode_name": "MO-LM-025-0008",
            "hid_offset": 17,
            "mat": {
              "m": [
                1,
                0,
                0,
                0,
                0,
                1,
                0,
                0,
                0,
                0,
                1,
                0,
                0,
                0,
                -90,
                1
              ]
            }
          },
          {
            "hnode_name": "MO-LM-024-XXXX_1720",
            "hid_offset": 16,
            "mat": {
              "m": [
                1,
                0,
                0,
                0,
                0,
                1,
                0,
                0,
                0,
                0,
                1,
                0,
                0,
                42.50000000000004,
                -163.75,
                1
              ]
            }
          },
          {
            "hnode_name": "ST-EXT-007-0585_1530",
            "hid_offset": 15,
            "mat": {
              "m": [
                1,
                0,
                0,
                0,
                0,
                1,
                0,
                0,
                0,
                0,
                1,
                0,
                0,
                0,
                -65,
                1
              ]
            }
          },
          {
            "hnode_name": "HW-FN-003-0100_HW-FN-003-0100",
            "hid_offset": 14,
            "mat": {
              "m": [
                1,
                0,
                0,
                0,
                0,
                1,
                0,
                0,
                0,
                0,
                1,
                0,
                25.5,
                -34.99999999999993,
                -80.15000000000009,
                1
              ]
            }
          },
          {
            "hnode_name": "MO-BR-001-0004",
            "hid_offset": 13,
            "mat": {
              "m": [
                -5.82324538199135e-15,
                -0.018828135227599498,
                0.9998227349504768,
                0,
                3.887851217273505e-15,
                0.9998227349504768,
                0.018828135227599498,
                0,
                -1,
                3.9968028886505635e-15,
                -5.7490121356467124e-15,
                0,
                31.999999999999318,
                4.760636329592671e-13,
                1541.25,
                1
              ]
            }
          },
          {
            "hnode_name": "HW-FN-003-0100_HW-FN-003-0100",
            "hid_offset": 12,
            "mat": {
              "m": [
                -0.9237280213470682,
                -0.3830490080632378,
                0,
                0,
                -0.3830490080632378,
                0.9237280213470682,
                0,
                0,
                0,
                0,
                -1.0000000000000002,
                0,
                -25.5,
                34.999999999999844,
                1480.15,
                1
              ]
            }
          },
          {
            "hnode_name": "MO-LM-025-0002",
            "hid_offset": 11,
            "mat": {
              "m": [
                1,
                0,
                0,
                0,
                0,
                1,
                0,
                0,
                0,
                0,
                1,
                0,
                0,
                5.684341886080802e-14,
                1465,
                1
              ]
            }
          },
          {
            "hnode_name": "MO-LM-025-0001__2",
            "hid_offset": 10,
            "mat": {
              "m": [
                -1.1102230246251565e-16,
                -1,
                0,
                0,
                0,
                0,
                -1,
                0,
                1,
                -1.1102230246251565e-16,
                0,
                0,
                0,
                -1.4921397450962104e-13,
                1541.25,
                1
              ]
            }
          },
          {
            "hnode_name": "HW-FN-003-0100_HW-FN-003-0100",
            "hid_offset": 9,
            "mat": {
              "m": [
                -0.9237280213470682,
                -0.3830490080632378,
                0,
                0,
                -0.3830490080632378,
                0.9237280213470682,
                0,
                0,
                0,
                0,
                -1.0000000000000002,
                0,
                25.5,
                -35.000000000000156,
                1480.15,
                1
              ]
            }
          },
          {
            "hnode_name": "HW-FN-003-0100_HW-FN-003-0100",
            "hid_offset": 8,
            "mat": {
              "m": [
                1,
                0,
                0,
                0,
                0,
                1,
                0,
                0,
                0,
                0,
                1,
                0,
                25.5,
                35.00000000000007,
                -80.15000000000009,
                1
              ]
            }
          },
          {
            "hnode_name": "MO-BR-001-0004",
            "hid_offset": 7,
            "mat": {
              "m": [
                6.374817416515736e-15,
                0.9312502706268999,
                0.3643802045354905,
                0,
                -3.503717255890672e-15,
                -0.3643802045354905,
                0.9312502706268999,
                0,
                1.0000000000000002,
                -7.213235654663324e-15,
                9.399803686419159e-16,
                0,
                -31.999999999999318,
                -2.842170943040401e-14,
                -141.24999999999932,
                1
              ]
            }
          },
          {
            "hnode_name": "HW-FN-003-0100_HW-FN-003-0100",
            "hid_offset": 6,
            "mat": {
              "m": [
                1,
                0,
                0,
                0,
                0,
                1,
                0,
                0,
                0,
                0,
                1,
                0,
                -25.5,
                -34.999999999999915,
                -80.15000000000009,
                1
              ]
            }
          },
          {
            "hnode_name": "MO-LM-025-0018",
            "hid_offset": 56,
            "mat": {
              "m": [
                7.703719777548928e-34,
                1,
                0,
                0,
                0,
                0,
                -1,
                0,
                -1,
                7.703719777548928e-34,
                0,
                0,
                -1.3877787807814455e-14,
                -134,
                4.0000000000000036,
                1
              ]
            }
          },
          {
            "hnode_name": "MO-LM-025-0006__2",
            "hid_offset": 55,
            "mat": {
              "m": [
                -1,
                1.6653345369377348e-16,
                3.4211388289180104e-49,
                0,
                -3.4211388289180104e-49,
                5.697340647455879e-65,
                -1,
                0,
                -1.6653345369377348e-16,
                -1,
                0,
                0,
                -2.7755575615628914e-14,
                0,
                4.0000000000000036,
                1
              ]
            }
          },
          {
            "hnode_name": "MO-LM-025-0019",
            "hid_offset": 54,
            "mat": {
              "m": [
                1.6653345369377348e-16,
                1,
                0,
                0,
                -1,
                1.6653345369377348e-16,
                0,
                0,
                0,
                0,
                1,
                0,
                -7.69939667577546e-15,
                63.59999999999999,
                4.0000000000000036,
                1
              ]
            }
          },
          {
            "hnode_name": "MO-LM-025-0004__2",
            "hid_offset": 53,
            "mat": {
              "m": [
                1,
                -7.703719777548928e-34,
                0,
                0,
                7.703719777548928e-34,
                1,
                0,
                0,
                0,
                0,
                1,
                0,
                -4.5451946687539576e-32,
                59.00000000000005,
                0,
                1
              ]
            }
          },
          {
            "hnode_name": "HW-FN-030-0008_HW-FN-030-0008",
            "hid_offset": 52,
            "mat": {
              "m": [
                1,
                -1.514956447239132e-48,
                -2.9110431109413066e-31,
                0,
                -2.9110431109413066e-31,
                -5.20417042793042e-18,
                -1,
                0,
                0,
                1,
                -5.20417042793042e-18,
                0,
                47.5,
                133.71,
                12.249999999999996,
                1
              ]
            }
          },
          {
            "hnode_name": "MO-LM-025-0019",
            "hid_offset": 51,
            "mat": {
              "m": [
                -1.6653345369377348e-16,
                -1,
                0,
                0,
                1,
                -1.6653345369377348e-16,
                0,
                0,
                0,
                0,
                1,
                0,
                7.605027718682318e-16,
                -63.59999999999999,
                4.0000000000000036,
                1
              ]
            }
          },
          {
            "hnode_name": "HW-FN-030-0008_HW-FN-030-0008",
            "hid_offset": 50,
            "mat": {
              "m": [
                -1,
                5.2675135410439436e-30,
                6.982962677686267e-15,
                0,
                -5.265972797088434e-30,
                1,
                -1.5084551965015714e-15,
                0,
                -6.982962677686267e-15,
                -1.5084551965015714e-15,
                -1,
                0,
                -47.49999999999999,
                112.49999999999993,
                0.4000000000001641,
                1
              ]
            }
          },
          {
            "hnode_name": "HW-FN-030-0008_HW-FN-030-0008",
            "hid_offset": 49,
            "mat": {
              "m": [
                -1,
                5.2675135410439436e-30,
                6.982962677686267e-15,
                0,
                -5.265972797088434e-30,
                1,
                -1.5084551965015714e-15,
                0,
                -6.982962677686267e-15,
                -1.5084551965015714e-15,
                -1,
                0,
                -47.49999999999999,
                -112.50000000000004,
                0.40000000000045555,
                1
              ]
            }
          },
          {
            "hnode_name": "MO-LM-025-0018",
            "hid_offset": 48,
            "mat": {
              "m": [
                -7.703719777548928e-34,
                -1,
                0,
                0,
                0,
                0,
                -1,
                0,
                1,
                -7.703719777548928e-34,
                0,
                0,
                -1.3877787807814455e-14,
                134,
                4.0000000000000036,
                1
              ]
            }
          },
          {
            "hnode_name": "HW-FN-030-0008_HW-FN-030-0008",
            "hid_offset": 47,
            "mat": {
              "m": [
                -1,
                5.2675135410439436e-30,
                6.982962677686267e-15,
                0,
                -5.265972797088434e-30,
                1,
                -1.5084551965015714e-15,
                0,
                -6.982962677686267e-15,
                -1.5084551965015714e-15,
                -1,
                0,
                47.49999999999996,
                0,
                0.39999999999963676,
                1
              ]
            }
          },
          {
            "hnode_name": "HW-FN-030-0008_HW-FN-030-0008",
            "hid_offset": 46,
            "mat": {
              "m": [
                -1,
                5.2675135410439436e-30,
                6.982962677686267e-15,
                0,
                -5.265972797088434e-30,
                1,
                -1.5084551965015714e-15,
                0,
                -6.982962677686267e-15,
                -1.5084551965015714e-15,
                -1,
                0,
                47.5,
                112.49999999999993,
                0.399999999999498,
                1
              ]
            }
          },
          {
            "hnode_name": "HW-FN-030-0008_HW-FN-030-0008",
            "hid_offset": 45,
            "mat": {
              "m": [
                1,
                7.703719777548928e-34,
                1.2741121738961668e-48,
                0,
                -6.370560869480834e-49,
                -8.269460797427576e-16,
                1,
                0,
                7.703719777548928e-34,
                -1,
                -8.269460797427576e-16,
                0,
                47.5,
                -133.71,
                12.249999999999996,
                1
              ]
            }
          },
          {
            "hnode_name": "HW-FN-030-0008_HW-FN-030-0008",
            "hid_offset": 44,
            "mat": {
              "m": [
                -1,
                5.2675135410439436e-30,
                6.982962677686267e-15,
                0,
                -5.265972797088434e-30,
                1,
                -1.5084551965015714e-15,
                0,
                -6.982962677686267e-15,
                -1.5084551965015714e-15,
                -1,
                0,
                47.499999999999936,
                -112.50000000000004,
                0.3999999999997894,
                1
              ]
            }
          },
          {
            "hnode_name": "HW-FN-030-0008_HW-FN-030-0008",
            "hid_offset": 43,
            "mat": {
              "m": [
                1,
                7.703719777548928e-34,
                1.2741121738961668e-48,
                0,
                -6.370560869480834e-49,
                -8.269460797427576e-16,
                1,
                0,
                7.703719777548928e-34,
                -1,
                -8.269460797427576e-16,
                0,
                -47.49999999999999,
                -133.71,
                12.249999999999996,
                1
              ]
            }
          },
          {
            "hnode_name": "HW-FN-030-0008_HW-FN-030-0008",
            "hid_offset": 42,
            "mat": {
              "m": [
                1,
                -1.514956447239132e-48,
                -2.9110431109413066e-31,
                0,
                -2.9110431109413066e-31,
                -5.20417042793042e-18,
                -1,
                0,
                0,
                1,
                -5.20417042793042e-18,
                0,
                -47.5,
                133.71,
                12.249999999999996,
                1
              ]
            }
          },
          {
            "hnode_name": "HW-FN-030-0008_HW-FN-030-0008",
            "hid_offset": 41,
            "mat": {
              "m": [
                -1,
                5.2675135410439436e-30,
                6.982962677686267e-15,
                0,
                -5.265972797088434e-30,
                1,
                -1.5084551965015714e-15,
                0,
                -6.982962677686267e-15,
                -1.5084551965015714e-15,
                -1,
                0,
                -47.499999999999986,
                0,
                0.4000000000003029,
                1
              ]
            }
          },
          {
            "hnode_name": "MO-LM-027-0001",
            "hid_offset": 5,
            "mat": {
              "m": [
                1,
                -2.9100801459691134e-31,
                0,
                0,
                0,
                -5.20417042793042e-18,
                1,
                0,
                -2.9110431109413066e-31,
                -1,
                -5.20417042793042e-18,
                0,
                0,
                67.50000000000003,
                1002.0091199999868,
                1
              ]
            }
          },
          {
            "hnode_name": "MO-LM-025-0014__2",
            "hid_offset": 4,
            "mat": {
              "m": [
                -1,
                6.661338147750939e-16,
                0,
                0,
                -8.901692702277712e-17,
                -0.13363219978981522,
                0.9910309960739547,
                0,
                6.601592579751046e-16,
                0.9910309960739547,
                0.13363219978981522,
                0,
                38.5,
                1.7053025658242404e-13,
                -141.25,
                1
              ]
            }
          },
          {
            "hnode_name": "MO-LM-025-0001__2",
            "hid_offset": 3,
            "mat": {
              "m": [
                -1.6653345369377343e-16,
                -1,
                -2.775557561562891e-16,
                0,
                -6.162975822039156e-32,
                -2.775557561562891e-16,
                1,
                0,
                -1,
                1.6653345369377343e-16,
                -1.540743955509792e-32,
                0,
                0,
                1.9184653865522705e-13,
                -141.25,
                1
              ]
            }
          },
          {
            "hnode_name": "MO-LM-025-0007",
            "hid_offset": 2,
            "mat": {
              "m": [
                -1,
                6.842277657836012e-48,
                -3.330669073875471e-16,
                0,
                -3.330669073875471e-16,
                4.3790577010150533e-47,
                1,
                0,
                6.842277657836027e-48,
                1,
                -4.3790577010150533e-47,
                0,
                0,
                42.49999999999987,
                1536.2499999999998,
                1
              ]
            }
          },
          {
            "hnode_name": "upload_70fe92780375446c245cb6689ef6b9fe",
            "hid_offset": 0,
            "mat": {
              "m": [
                1,
                1.734723475976807e-18,
                1.0570971181733668e-18,
                0,
                0,
                1,
                1.734723475976807e-18,
                0,
                2.710505431213761e-19,
                0,
                1,
                0,
                -500.00000000000006,
                45.000000000000114,
                -1035,
                1
              ]
            }
          }
        ],
        "dofs": [
          {
            "dof_id": "054098f5-2faa-47d3-837c-b4d4a52d0585",
            "type": "translation",
            "currentState": 592.0091199999868
          },
          {
            "dof_id": "7b00e4b3-657c-4243-a16c-7da94cf59d4c",
            "type": "translation",
            "currentState": -592.0091199999868
          }
        ],
        "hoops_id": 47244640256
      },
      "edges": [
        8589934595,
        8589934748,
        8589934749,
        8589934750
      ]
    },
    {
      "id": 4294967302,
      "attributes": {
        "part_number": "ST-RB-100-0225",
        "short_name": "Multi-Robot Mounting Plate 225 X 225 mm_7",
        "local_matrix": {
          "m": [
            1,
            1.734723475976807e-18,
            1.0570971181733668e-18,
            0,
            0,
            1,
            1.734723475976807e-18,
            0,
            2.710505431213761e-19,
            0,
            1,
            0,
            -500,
            112.50000000000023,
            -32.99087999996868,
            1
          ]
        },
        "dofs": [],
        "hoops_id": 51539607552
      },
      "edges": [
        8589934595,
        8589934751
      ]
    },
    {
      "id": 4294967303,
      "attributes": {
        "part_number": "PR-UR-010-0001",
        "short_name": "UR10e Robot Arm_8",
        "robot_joint_angles": [
          0.07922347835065915,
          -1.6633277355379228,
          1.778396158115428,
          -1.728213162416284,
          -1.5613971179876316,
          0.06897481435306015
        ],
        "inner_matrices_baseid": 55834574848,
        "inner_matrices": [
          {
            "hnode_name": "Copy_of_Link3_UR10_Step^1000520-1-solid1.STEP.STEP.STEP.STEP",
            "hid_offset": 83,
            "mat": {
              "m": [
                0.03203923228902498,
                0.997611990349155,
                -0.06118663502699995,
                0,
                -0.462775282487154,
                0.06906747940671788,
                0.8837809237629751,
                0,
                0.8858964530424901,
                7.254613576535007e-15,
                0.4638830396627314,
                0,
                486.5275455112802,
                681.71892393888,
                -929.1415939443999,
                1
              ]
            }
          },
          {
            "hnode_name": "Assem9^ur10e_link_3.STEP.STEP.STEP",
            "hid_offset": 82,
            "mat": {
              "m": [
                0.4627752824868261,
                0.032039232288848,
                0.8858964530426678,
                0,
                -0.06906747940668898,
                0.9976119903491572,
                1.6581527817471908e-13,
                0,
                -0.8837809237631492,
                -0.06118663502706,
                0.46388303966239214,
                0,
                365.40859917179,
                -752.5299892122001,
                -1.3399999999999993e-10,
                1
              ]
            }
          },
          {
            "hnode_name": "ur10e_link_3.STEP.STEP.STEP",
            "hid_offset": 10,
            "mat": {
              "m": [
                0.9902711341303148,
                0.0786172693678589,
                0.11481465875663188,
                0,
                -0.11445453813164184,
                -0.009086504634586746,
                0.9933869307246791,
                0,
                0.07914063184820332,
                -0.9968634612576925,
                4.8965888601467475e-12,
                0,
                -509.5539101221295,
                -40.4533017533255,
                725.156565196317,
                1
              ]
            }
          },
          {
            "hnode_name": "Copy_of_Link1_UR10_Step^1000520-1-solid1.STEP.STEP.STEP.STEP",
            "hid_offset": 77,
            "mat": {
              "m": [
                0.4638830396627331,
                1.0000000000000024e-15,
                -0.8858964530424892,
                0,
                -2.2356759457477147e-15,
                1,
                -4.186962628297596e-17,
                0,
                0.8858964530424892,
                2.0000000000000025e-15,
                0.4638830396627331,
                0,
                3.4235960000390737e-28,
                7.144995235783416e-43,
                -2.2867817948330074e-28,
                1
              ]
            }
          },
          {
            "hnode_name": "Assem7^ur10e_link_1.STEP.STEP.STEP",
            "hid_offset": 76,
            "mat": {
              "m": [
                0.4638830396627331,
                -9.999999999999987e-16,
                0.8858964530424892,
                0,
                2.033508090689259e-15,
                1,
                6.39917741149208e-17,
                0,
                -0.8858964530424892,
                1.7717929060849786e-15,
                0.4638830396627331,
                0,
                1.807e-13,
                -180.7,
                -3.614e-13,
                1
              ]
            }
          },
          {
            "hnode_name": "ur10e_link_1.STEP.STEP.STEP",
            "hid_offset": 9,
            "mat": {
              "m": [
                0.9968634612576925,
                0.07914063184820332,
                0,
                0,
                -3.8751913629288727e-13,
                4.881230519481746e-12,
                1,
                0,
                0.07914063184820332,
                -0.9968634612576925,
                4.8965888601467475e-12,
                0,
                0,
                0,
                180.7,
                1
              ]
            }
          },
          {
            "hnode_name": "Copy_of_Link6_UR10_Step^1000520-1-solid1.STEP.STEP.STEP.STEP",
            "hid_offset": 71,
            "mat": {
              "m": [
                0.48188026964996294,
                -0.7655995348569409,
                0.4262027193119667,
                0,
                0.43252484446314604,
                0.6308434528991634,
                0.6441729557008679,
                0,
                -0.7620457103377792,
                -0.12607097271416956,
                0.635131832925018,
                0,
                -507.20074722910005,
                -19.744522870650094,
                -695.0983975066999,
                1
              ]
            }
          },
          {
            "hnode_name": "Assem12^ur10e_link_6.STEP.STEP.STEP",
            "hid_offset": 70,
            "mat": {
              "m": [
                -0.4818802696499409,
                -0.432524844462947,
                -0.7620457103379059,
                0,
                0.7655995348569217,
                -0.6308434528991651,
                -0.12607097271427828,
                0,
                -0.4262027193120259,
                -0.644172955701,
                0.6351318329248441,
                0,
                -525.5464625227,
                804.8883134311001,
                -238.2202456384,
                1
              ]
            }
          },
          {
            "hnode_name": "ur10e_link_6.STEP.STEP.STEP",
            "hid_offset": 8,
            "mat": {
              "m": [
                -0.010702319782053354,
                0.9998672472324145,
                -0.0122861004047881,
                0,
                0.9990829576541189,
                0.010182904178290042,
                -0.0415878851060521,
                0,
                -0.04145725601605943,
                -0.012719920375915421,
                -0.9990593073232689,
                0,
                -619.9703824147579,
                -225.0160811025,
                613.7901433238678,
                1
              ]
            }
          },
          {
            "hnode_name": "Copy_of_Link4_UR10_Step^1000520-1-solid2.STEP.STEP.STEP.STEP",
            "hid_offset": 65,
            "mat": {
              "m": [
                0.45955241981879813,
                0.13632321196893998,
                -0.8776260908366152,
                0,
                -0.06323802594477597,
                0.9906644143596112,
                0.12076824995062393,
                0,
                0.8858964530425071,
                4.751060656005279e-14,
                0.46388303966269884,
                0,
                -58.6947907663401,
                -575.9240761903,
                112.09184752675006,
                1
              ]
            }
          },
          {
            "hnode_name": "Assem10^ur10e_link_4.STEP.STEP.STEP",
            "hid_offset": 64,
            "mat": {
              "m": [
                -0.45955241981875666,
                0.8858964530425313,
                -0.06323802594473697,
                0,
                -0.1363232119692058,
                -1.3023609968243477e-13,
                0.9906644143595746,
                0,
                0.8776260908365955,
                0.4638830396626525,
                0.12076824995094441,
                0,
                -203.85988300339997,
                -174.15000000009996,
                -811.3359212522,
                1
              ]
            }
          },
          {
            "hnode_name": "ur10e_link_4.STEP.STEP.STEP",
            "hid_offset": 7,
            "mat": {
              "m": [
                -0.04220296858200091,
                -0.0033504785099934854,
                -0.9991034399583564,
                0,
                0.07914063185308017,
                -0.9968634612573054,
                4.689288067353195e-12,
                0,
                -0.9959697133109833,
                -0.07906967752469235,
                0.042335756322277804,
                0,
                -495.77156908576484,
                -214.05707353135267,
                725.1565651971698,
                1
              ]
            }
          },
          {
            "hnode_name": "Copy_of_Link5_UR10_Step^1000520-1-solid1.STEP.STEP.STEP.STEP",
            "hid_offset": 51,
            "mat": {
              "m": [
                0.6461467948207853,
                -0.08413187049443208,
                0.7585618945807483,
                0,
                -0.04219780679902668,
                0.9884472359241306,
                0.14557268595206424,
                0,
                -0.7620457103377581,
                -0.12607097271400114,
                0.6351318329250768,
                0,
                196.4508205898301,
                -550.7783059825999,
                45.955174127810025,
                1
              ]
            }
          },
          {
            "hnode_name": "Copy_of_Link5_UR10_Step^1000520-1-solid2.STEP.STEP.STEP.STEP",
            "hid_offset": 50,
            "mat": {
              "m": [
                0.6444278760497368,
                -0.05186644349109901,
                0.7629040467906889,
                0,
                -0.06323802594453784,
                0.990664414359645,
                0.1207682499504712,
                0,
                -0.7620457103380761,
                -0.1260709727139684,
                0.6351318329247014,
                0,
                228.29433698630996,
                -553.9688162921,
                82.26887017987994,
                1
              ]
            }
          },
          {
            "hnode_name": "Copy_of_Link4_UR10_Step^1000520-1-solid1.STEP.STEP.STEP.STEP",
            "hid_offset": 49,
            "mat": {
              "m": [
                0.9976821792279842,
                0.059707031354499014,
                0.032639541322349065,
                0,
                -0.06323802594475599,
                0.9906644143596461,
                0.12076824995034802,
                0,
