{
  "format_version": 6,
  "format_version_initial": 6,
  "label": "edited_10623",
  "attributes": {
    "design_id": 10623,
    "design_version": null,
    "measurements": {
      "type": "line",
      "visible": true
    },
    "design_bbox": {
      "min": {
        "x": -2496.500099182129,
        "y": -223.5,
        "z": -426.7934625868745
      },
      "max": {
        "x": 1092.1752544386102,
        "y": 1036.8997295033796,
        "z": 2132.25
      }
    },
    "feedback": {
      "after_parts_added": true,
      "after_design_saved": false,
      "after_design_exported": false
    }
  },
  "vertices_by_index": [
    {
      "id": 4294967296,
      "attributes": {
        "part_number": "PR-UR-010-0001",
        "short_name": "UR10e Robot Arm_1",
        "robot_joint_angles": [
          0.5938830974844439,
          -1.7313183456391774,
          1.4082398338799926,
          -1.2513215694098254,
          -1.5734787470757499,
          0.5938764140160299
        ],
        "inner_matrices_baseid": 12884901888,
        "inner_matrices": [
          {
            "hnode_name": "Copy_of_Link3_UR10_Step^1000520-1-solid1.STEP.STEP.STEP.STEP",
            "hid_offset": 83,
            "mat": {
              "m": [
                0.03203923228902498,
                0.997611990349155,
                -0.06118663502699995,
                0,
                -0.462775282487154,
                0.06906747940671788,
                0.8837809237629751,
                0,
                0.8858964530424901,
                7.254613576535007e-15,
                0.4638830396627314,
                0,
                486.5275455112802,
                681.71892393888,
                -929.1415939443999,
                1
              ]
            }
          },
          {
            "hnode_name": "Assem9^ur10e_link_3.STEP.STEP.STEP",
            "hid_offset": 82,
            "mat": {
              "m": [
                0.4627752824868261,
                0.032039232288848,
                0.8858964530426678,
                0,
                -0.06906747940668898,
                0.9976119903491572,
                1.6581527817471908e-13,
                0,
                -0.8837809237631492,
                -0.06118663502706,
                0.46388303966239214,
                0,
                365.40859917179,
                -752.5299892122001,
                -1.3399999999999993e-10,
                1
              ]
            }
          },
          {
            "hnode_name": "ur10e_link_3.STEP.STEP.STEP",
            "hid_offset": 10,
            "mat": {
              "m": [
                0.785895340627655,
                0.5306320093277128,
                -0.3174872977877641,
                0,
                0.26312522275098504,
                0.1776606355071964,
                0.9482625246963119,
                0,
                0.5595834439402105,
                -0.8287740158016619,
                4.8965888601467475e-12,
                0,
                -368.01663628268363,
                -248.48271401861794,
                966.9829826760432,
                1
              ]
            }
          },
          {
            "hnode_name": "Copy_of_Link1_UR10_Step^1000520-1-solid1.STEP.STEP.STEP.STEP",
            "hid_offset": 77,
            "mat": {
              "m": [
                0.4638830396627331,
                1.0000000000000024e-15,
                -0.8858964530424892,
                0,
                -2.2356759457477147e-15,
                1,
                -4.186962628297596e-17,
                0,
                0.8858964530424892,
                2.0000000000000025e-15,
                0.4638830396627331,
                0,
                3.4235960000390737e-28,
                7.144995235783416e-43,
                -2.2867817948330074e-28,
                1
              ]
            }
          },
          {
            "hnode_name": "Assem7^ur10e_link_1.STEP.STEP.STEP",
            "hid_offset": 76,
            "mat": {
              "m": [
                0.4638830396627331,
                -9.999999999999987e-16,
                0.8858964530424892,
                0,
                2.033508090689259e-15,
                1,
                6.39917741149208e-17,
                0,
                -0.8858964530424892,
                1.7717929060849786e-15,
                0.4638830396627331,
                0,
                1.807e-13,
                -180.7,
                -3.614e-13,
                1
              ]
            }
          },
          {
            "hnode_name": "ur10e_link_1.STEP.STEP.STEP",
            "hid_offset": 9,
            "mat": {
              "m": [
                0.8287740158016619,
                0.5595834439402105,
                0,
                0,
                -2.7400500579201868e-12,
                4.058165613353502e-12,
                1,
                0,
                0.5595834439402105,
                -0.8287740158016619,
                4.8965888601467475e-12,
                0,
                0,
                0,
                180.7,
                1
              ]
            }
          },
          {
            "hnode_name": "Copy_of_Link6_UR10_Step^1000520-1-solid1.STEP.STEP.STEP.STEP",
            "hid_offset": 71,
            "mat": {
              "m": [
                0.48188026964996294,
                -0.7655995348569409,
                0.4262027193119667,
                0,
                0.43252484446314604,
                0.6308434528991634,
                0.6441729557008679,
                0,
                -0.7620457103377792,
                -0.12607097271416956,
                0.635131832925018,
                0,
                -507.20074722910005,
                -19.744522870650094,
                -695.0983975066999,
                1
              ]
            }
          },
          {
            "hnode_name": "Assem12^ur10e_link_6.STEP.STEP.STEP",
            "hid_offset": 70,
            "mat": {
              "m": [
                -0.4818802696499409,
                -0.432524844462947,
                -0.7620457103379059,
                0,
                0.7655995348569217,
                -0.6308434528991651,
                -0.12607097271427828,
                0,
                -0.4262027193120259,
                -0.644172955701,
                0.6351318329248441,
                0,
                -525.5464625227,
                804.8883134311001,
                -238.2202456384,
                1
              ]
            }
          },
          {
            "hnode_name": "ur10e_link_6.STEP.STEP.STEP",
            "hid_offset": 8,
            "mat": {
              "m": [
                -0.0000013866329404144118,
                0.9999999786704388,
                0.00020653619424854976,
                0,
                0.9999899301466046,
                0.0000023134949285186224,
                -0.004487716572684773,
                0,
                -0.004487716954784139,
                0.00020652789164377018,
                -0.9999899088204658,
                0,
                -370.41614373347,
                -459.8552783068048,
                850.8660678307365,
                1
              ]
            }
          },
          {
            "hnode_name": "Copy_of_Link4_UR10_Step^1000520-1-solid2.STEP.STEP.STEP.STEP",
            "hid_offset": 65,
            "mat": {
              "m": [
                0.45955241981879813,
                0.13632321196893998,
                -0.8776260908366152,
                0,
                -0.06323802594477597,
                0.9906644143596112,
                0.12076824995062393,
                0,
                0.8858964530425071,
                4.751060656005279e-14,
                0.46388303966269884,
                0,
                -58.6947907663401,
                -575.9240761903,
                112.09184752675006,
                1
              ]
            }
          },
          {
            "hnode_name": "Assem10^ur10e_link_4.STEP.STEP.STEP",
            "hid_offset": 64,
            "mat": {
              "m": [
                -0.45955241981875666,
                0.8858964530425313,
                -0.06323802594473697,
                0,
                -0.1363232119692058,
                -1.3023609968243477e-13,
                0.9906644143595746,
                0,
                0.8776260908365955,
                0.4638830396626525,
                0.12076824995094441,
                0,
                -203.85988300339997,
                -174.15000000009996,
                -811.3359212522,
                1
              ]
            }
          },
          {
            "hnode_name": "ur10e_link_4.STEP.STEP.STEP",
            "hid_offset": 7,
            "mat": {
              "m": [
                -0.002986691517130574,
                -0.0020165969228932157,
                -0.999993506484233,
                0,
                0.5595834439442686,
                -0.8287740157989218,
                4.878942794818858e-12,
                0,
                -0.828768634141793,
                -0.5595798102803381,
                0.0036037465737649432,
                0,
                -270.565179520496,
                -392.81370887047734,
                966.982982676896,
                1
              ]
            }
          },
          {
            "hnode_name": "Copy_of_Link5_UR10_Step^1000520-1-solid1.STEP.STEP.STEP.STEP",
            "hid_offset": 51,
            "mat": {
              "m": [
                0.6461467948207853,
                -0.08413187049443208,
                0.7585618945807483,
                0,
                -0.04219780679902668,
                0.9884472359241306,
                0.14557268595206424,
                0,
                -0.7620457103377581,
                -0.12607097271400114,
                0.6351318329250768,
                0,
                196.4508205898301,
                -550.7783059825999,
                45.955174127810025,
                1
              ]
            }
          },
          {
            "hnode_name": "Copy_of_Link5_UR10_Step^1000520-1-solid2.STEP.STEP.STEP.STEP",
            "hid_offset": 50,
            "mat": {
              "m": [
                0.6444278760497368,
                -0.05186644349109901,
                0.7629040467906889,
                0,
                -0.06323802594453784,
                0.990664414359645,
                0.1207682499504712,
                0,
                -0.7620457103380761,
                -0.1260709727139684,
                0.6351318329247014,
                0,
                228.29433698630996,
                -553.9688162921,
                82.26887017987994,
                1
              ]
            }
          },
          {
            "hnode_name": "Copy_of_Link4_UR10_Step^1000520-1-solid1.STEP.STEP.STEP.STEP",
            "hid_offset": 49,
            "mat": {
              "m": [
                0.9976821792279842,
                0.059707031354499014,
                0.032639541322349065,
                0,
                -0.06323802594475599,
                0.9906644143596461,
                0.12076824995034802,
                0,
                -0.025124118402659008,
                -0.12255239095298075,
                0.9921439865998266,
                0,
                99.95944175072502,
                -554.5815773058,
                20.09520361751904,
                1
              ]
            }
          },
          {
            "hnode_name": "Assem13^ur10e_link_5.STEP.STEP.STEP",
            "hid_offset": 48,
            "mat": {
              "m": [
                -0.6444278760499188,
                0.06323802594476198,
                -0.7620457103379037,
                0,
                0.05186644349133406,
                -0.990664414359566,
                -0.12607097271449288,
                0,
                -0.7629040467905194,
                -0.12076824995100233,
                0.6351318329248042,
                0,
                238.6148809896399,
                931.1859212522501,
                -122.2702456385,
                1
              ]
            }
          },
          {
            "hnode_name": "ur10e_link_5.STEP.STEP.STEP",
            "hid_offset": 6,
            "mat": {
              "m": [
                -0.5595734191858269,
                0.8287764434833134,
                0.0026823996408197447,
                0,
                0.828768634141771,
                0.5595798102803391,
                -0.0036037465786614826,
                0,
                -0.004487716954784139,
                0.00020652789164377018,
                -0.9999899088204658,
                0,
                -369.89310032238984,
                -459.8793491325759,
                967.4148917037617,
                1
              ]
            }
          },
          {
            "hnode_name": "Copy_of_Link2_UR10_Step^1000520-1-solid1.STEP.STEP.STEP.STEP",
            "hid_offset": 43,
            "mat": {
              "m": [
                0.4208684310240289,
                -0.42054274029802885,
                -0.8037496919750555,
                0,
                0.19508264467754283,
                0.9072727283362069,
                -0.3725573219827936,
                0,
                0.8858964530423336,
                1.5804024755539103e-13,
                0.4638830396630299,
                0,
                -35.25143389319,
                16.755817989622003,
                67.32110808224597,
                1
              ]
            }
          },
          {
            "hnode_name": "Assem8^ur10e_link_2.STEP.STEP.STEP",
            "hid_offset": 42,
            "mat": {
              "m": [
                -0.1950910355059279,
                0.42086454157084385,
                0.8858964530426727,
                0,
                -0.9072643437819845,
                -0.4205608285395168,
                -1.078304112667183e-13,
                0,
                0.37257334629180017,
                -0.8037422641285691,
                0.46388303966238276,
                0,
                776.54266692143,
                75.99534171703901,
                0,
                1
              ]
            }
          },
          {
            "hnode_name": "ur10e_link_2.STEP.STEP.STEP",
            "hid_offset": 5,
            "mat": {
              "m": [
                -0.13246588159466716,
                -0.0894402006081873,
                -0.9871439817617867,
                0,
                0.8181192819395965,
                0.5523894289784644,
                -0.1598335361289525,
                0,
                0.5595834439402105,
                -0.8287740158016619,
                4.8965888601467475e-12,
                0,
                81.16184565305257,
                54.80001091263637,
                785.5231176254467,
                1
              ]
            }
          },
          {
            "hnode_name": "Assem6^ur10e_base.STEP.STEP.STEP",
            "hid_offset": 11,
            "mat": {
              "m": [
                0.999999998911288,
                0.000046662877379,
                0,
                0,
                0,
                0,
                1,
                0,
                0.000046662877379,
                -0.999999998911288,
                0,
                0,
                0,
                0,
                0,
                1
              ]
            }
          },
          {
            "hnode_name": "upload_f75dac51cdd2eab40ff37585b36514dd",
            "hid_offset": 0,
            "mat": {
              "m": [
                1,
                0,
                0,
                0,
                0,
                6.123233995736766e-17,
                -1,
                0,
                0,
                1,
                6.123233995736766e-17,
                0,
                315,
                0,
                -315,
                1
              ]
            }
          }
        ],
        "kit_number": "PR-UR-010-0000",
        "local_matrix": {
          "m": [
            1,
            0,
            0,
            0,
            0,
            6.123233995736766e-17,
            -1,
            0,
            0,
            1,
            6.123233995736766e-17,
            0,
            315,
            0,
            -315,
            1
          ]
        },
        "tcp_offset_default": {
          "x": 0,
          "y": 0,
          "z": 0.161,
          "i": 0,
          "j": 0,
          "k": 0
        },
        "dofs": [],
        "hoops_id": 12884901888
      },
      "edges": [
        8589934592,
        8589934600
      ]
    },
    {
      "id": 4294967297,
      "attributes": {
        "kit_number": "PR-UR-010-0000",
        "is_kit_root": true
      },
      "edges": [
        8589934592
      ]
    },
    {
      "id": 4294967298,
      "attributes": {
        "part_number": "CE-CL-010-0004",
        "short_name": "MachineMotion 2 - Four Drive_3",
        "local_matrix": {
          "m": [
            1,
            0,
            0,
            0,
            0,
            1,
            0,
            0,
            0,
            0,
            1,
            0,
            90,
            418.5,
            90,
            1
          ]
        },
        "dofs": [],
        "inner_matrices_baseid": 60129542144,
        "inner_matrices": [
          {
            "hnode_name": "connectorReceptiveFace-[60129542144|cma_1|CE-CL-010-0004|male|a1_7]",
            "hid_offset": -60129542394,
            "mat": {
              "m": [
                1,
                0,
                0,
                0,
                0,
                -1,
                -1.2246467991473532e-16,
                0,
                0,
                1.2246467991473532e-16,
                -1,
                0,
                -11.125,
                -376,
                -1.000001,
                1
              ]
            }
          },
          {
            "hnode_name": "connectorReceptiveFace-[60129542144|cma_1|CE-CL-010-0004|male|a1_6]",
            "hid_offset": -60129542393,
            "mat": {
              "m": [
                0,
                1,
                0,
                0,
                1,
                0,
                -1.2246467991473532e-16,
                0,
                -1.2246467991473532e-16,
                0,
                -1,
                0,
                -281.125,
                -16,
                -1.000001,
                1
              ]
            }
          },
          {
            "hnode_name": "connectorReceptiveFace-[60129542144|cma_1|CE-CL-010-0004|male|a1_11]",
            "hid_offset": -60129542392,
            "mat": {
              "m": [
                1,
                0,
                0,
                0,
                0,
                -1,
                -1.2246467991473532e-16,
                0,
                0,
                1.2246467991473532e-16,
                -1,
                0,
                -281.125,
                -376,
                -1.000001,
                1
              ]
            }
          },
          {
            "hnode_name": "connectorReceptiveFace-[60129542144|cma_1|CE-CL-010-0004|male|a1]",
            "hid_offset": -60129542391,
            "mat": {
              "m": [
                1,
                0,
                0,
                0,
                0,
                -1,
                -1.2246467991473532e-16,
                0,
                0,
                1.2246467991473532e-16,
                -1,
                0,
                -11.125,
                -16,
                -1.000001,
                1
              ]
            }
          },
          {
            "hnode_name": "Chamfer1",
            "hid_offset": 129,
            "mat": {
              "m": [
                1,
                0,
                0,
                0,
                0,
                1,
                0,
                0,
                0,
                0,
                1,
                0,
                0,
                0,
                0,
                1
              ]
            }
          },
          {
            "hnode_name": "1x female big",
            "hid_offset": 23,
            "mat": {
              "m": [
                -0.5,
                1.0918967190748589e-31,
                0.8660253882408142,
                0,
                2.067667996924075e-31,
                -1,
                2.4545824326949714e-31,
                0,
                0.8660253882408142,
                3.017944447996047e-31,
                0.5,
                0,
                -100,
                -395,
                89.5,
                1
              ]
            }
          },
          {
            "hnode_name": "Chamfer3",
            "hid_offset": 125,
            "mat": {
              "m": [
                1,
                0,
                0,
                0,
                0,
                1,
                0,
                0,
                0,
                0,
                1,
                0,
                0,
                0,
                0,
                1
              ]
            }
          },
          {
            "hnode_name": "1x male small",
            "hid_offset": 22,
            "mat": {
              "m": [
                1,
                4.169255588637738e-31,
                -2.5019058332000565e-16,
                0,
                4.169255588637738e-31,
                -1,
                -7.433934420080422e-32,
                0,
                -2.5019058332000565e-16,
                7.433934420080422e-32,
                -1,
                0,
                -70,
                -395,
                59.5,
                1
              ]
            }
          },
          {
            "hnode_name": "Chamfer2",
            "hid_offset": 124,
            "mat": {
              "m": [
                1,
                0,
                0,
                0,
                0,
                1,
                0,
                0,
                0,
                0,
                1,
                0,
                0,
                0,
                0,
                1
              ]
            }
          },
          {
            "hnode_name": "1x male big",
            "hid_offset": 21,
            "mat": {
              "m": [
                1,
                4.169255588637738e-31,
                -2.5019058332000565e-16,
                0,
                4.169255588637738e-31,
                -1,
                -7.433934420080422e-32,
                0,
                -2.5019058332000565e-16,
                7.433934420080422e-32,
                -1,
                0,
                -130,
                -395,
                89.5,
                1
              ]
            }
          },
          {
            "hnode_name": "Chamfer3",
            "hid_offset": 120,
            "mat": {
              "m": [
                1,
                0,
                0,
                0,
                0,
                1,
                0,
                0,
                0,
                0,
                1,
                0,
                0,
                0,
                0,
                1
              ]
            }
          },
          {
            "hnode_name": "1x male small",
            "hid_offset": 20,
            "mat": {
              "m": [
                1,
                4.169255588637738e-31,
                -2.5019058332000565e-16,
                0,
                4.169255588637738e-31,
                -1,
                -7.433934420080422e-32,
                0,
                -2.5019058332000565e-16,
                7.433934420080422e-32,
                -1,
                0,
                -100,
                -395,
                59.5,
                1
              ]
            }
          },
          {
            "hnode_name": "<M4_HEAT-INSERT>-<Cut-Revolve1>",
            "hid_offset": 119,
            "mat": {
              "m": [
                1,
                0,
                0,
                0,
                0,
                1,
                0,
                0,
                0,
                0,
                1,
                0,
                0,
                0,
                0,
                1
              ]
            }
          },
          {
            "hnode_name": "<M4_HEAT-INSERT>-<Cut-Revolve1>",
            "hid_offset": 118,
            "mat": {
              "m": [
                1,
                0,
                0,
                0,
                0,
                1,
                0,
                0,
                0,
                0,
                1,
                0,
                0,
                0,
                0,
                1
              ]
            }
          },
          {
            "hnode_name": "<M4_HEAT-INSERT>-<Cut-Revolve1>",
            "hid_offset": 117,
            "mat": {
              "m": [
                1,
                0,
                0,
                0,
                0,
                1,
                0,
                0,
                0,
                0,
                1,
                0,
                0,
                0,
                0,
                1
              ]
            }
          },
          {
            "hnode_name": "<M4_HEAT-INSERT>-<Cut-Revolve1>",
            "hid_offset": 116,
            "mat": {
              "m": [
                1,
                0,
                0,
                0,
                0,
                1,
                0,
                0,
                0,
                0,
                1,
                0,
                0,
                0,
                0,
                1
              ]
            }
          },
          {
            "hnode_name": "<M4_HEAT-INSERT>-<Cut-Revolve1>",
            "hid_offset": 115,
            "mat": {
              "m": [
                1,
                0,
                0,
                0,
                0,
                1,
                0,
                0,
                0,
                0,
                1,
                0,
                0,
                0,
                0,
                1
              ]
            }
          },
          {
            "hnode_name": "<M4_HEAT-INSERT>-<Cut-Revolve1>",
            "hid_offset": 114,
            "mat": {
              "m": [
                1,
                0,
                0,
                0,
                0,
                1,
                0,
                0,
                0,
                0,
                1,
                0,
                0,
                0,
                0,
                1
              ]
            }
          },
          {
            "hnode_name": "<M4_HEAT-INSERT>-<Cut-Revolve1>",
            "hid_offset": 113,
            "mat": {
              "m": [
                1,
                0,
                0,
                0,
                0,
                1,
                0,
                0,
                0,
                0,
                1,
                0,
                0,
                0,
                0,
                1
              ]
            }
          },
          {
            "hnode_name": "<M4_HEAT-INSERT>-<Cut-Revolve1>",
            "hid_offset": 112,
            "mat": {
              "m": [
                1,
                0,
                0,
                0,
                0,
                1,
                0,
                0,
                0,
                0,
                1,
                0,
                0,
                0,
                0,
                1
              ]
            }
          },
          {
            "hnode_name": "<M4_HEAT-INSERT>-<Cut-Revolve1>",
            "hid_offset": 111,
            "mat": {
              "m": [
                1,
                0,
                0,
                0,
                0,
                1,
                0,
                0,
                0,
                0,
                1,
                0,
                0,
                0,
                0,
                1
              ]
            }
          },
          {
            "hnode_name": "Boss-Extrude15",
            "hid_offset": 110,
            "mat": {
              "m": [
                1,
                0,
                0,
                0,
                0,
                1,
                0,
                0,
                0,
                0,
                1,
                0,
                0,
                0,
                0,
                1
              ]
            }
          },
          {
            "hnode_name": "LIGHT WEIGHT SIDE PANEL_Heat Inserts",
            "hid_offset": 19,
            "mat": {
              "m": [
                -2.7570917139171556e-16,
                -1,
                -4.438113565735836e-16,
                0,
                -1.6861512186494565e-15,
                -4.438113565735836e-16,
                1,
                0,
                -1,
                2.7570917139171556e-16,
                -1.6861512186494565e-15,
                0,
                4.440892098500626e-13,
                -2,
                -1,
                1
              ]
            }
          },
          {
            "hnode_name": "Boss-Extrude5",
            "hid_offset": 109,
            "mat": {
              "m": [
                1,
                0,
                0,
                0,
                0,
                1,
                0,
                0,
                0,
                0,
                1,
                0,
                0,
                0,
                0,
                1
              ]
            }
          },
          {
            "hnode_name": "Q14F3CZZRYG.stp-1/10mm-flat led-cut.stp-1-solid1",
            "hid_offset": 108,
            "mat": {
              "m": [
                1,
                0,
                0,
                0,
                0,
                1,
                0,
                0,
                0,
                0,
                1,
                0,
                0,
                0,
                0,
                1
              ]
            }
          },
          {
            "hnode_name": "Q14F3CZZRYG.stp-1/13-0037.stp-1-solid1",
            "hid_offset": 107,
            "mat": {
              "m": [
                1,
                0,
                0,
                0,
                0,
                1,
                0,
                0,
                0,
                0,
                1,
                0,
                0,
                0,
                0,
                1
              ]
            }
          },
          {
            "hnode_name": "Q14F3CZZRYG.stp-1/21-0027.stp-1-solid1",
            "hid_offset": 106,
            "mat": {
              "m": [
                1,
                0,
                0,
                0,
                0,
                1,
                0,
                0,
                0,
                0,
                1,
                0,
                0,
                0,
                0,
                1
              ]
            }
          },
          {
            "hnode_name": "CE-HR-105-0001",
            "hid_offset": 18,
            "mat": {
              "m": [
                -0.8392791152000427,
                1.6446425808274963e-15,
                0.5437008142471313,
                0,
                0.5437008142471313,
                2.688097809868859e-15,
                0.8392791152000427,
                0,
                -8.120674271916428e-17,
                1,
                -3.1502578323738817e-15,
                0,
                -107.96880340576172,
                -34.099998474121094,
                60.853126525878906,
                1
              ]
            }
          },
          {
            "hnode_name": "CirPattern1",
            "hid_offset": 99,
            "mat": {
              "m": [
                1,
                0,
                0,
                0,
                0,
                1,
                0,
                0,
                0,
                0,
                1,
                0,
                0,
                0,
                0,
                1
              ]
            }
          },
          {
            "hnode_name": "CE-FN-003-4011_92581A120",
            "hid_offset": 17,
            "mat": {
              "m": [
                1,
                -1.1060698500312013e-16,
                1.1060698500312013e-16,
                0,
                -1.1060698500312013e-16,
                -1.249000902703301e-16,
                1,
                0,
                -1.1060698500312013e-16,
                -1,
                -1.249000902703301e-16,
                0,
                -191.25,
                -392,
                90.5,
                1
              ]
            }
          },
          {
            "hnode_name": "Cut-Extrude3",
            "hid_offset": 95,
            "mat": {
              "m": [
                1,
                0,
                0,
                0,
                0,
                1,
                0,
                0,
                0,
                0,
                1,
                0,
                0,
                0,
                0,
                1
              ]
            }
          },
          {
            "hnode_name": "CE-HR-100-0001",
            "hid_offset": 16,
            "mat": {
              "m": [
                5.190292640122607e-15,
                -2.7755575615628914e-17,
                1,
                0,
                -1,
                -1.9081958235744878e-17,
                5.190292640122607e-15,
                0,
                1.9081958235744878e-17,
                -1,
                -2.7755575615628914e-17,
                0,
                -27.149999618530273,
                -392,
                16.649999618530273,
                1
              ]
            }
          },
          {
            "hnode_name": "Cut-Extrude7",
            "hid_offset": 94,
            "mat": {
              "m": [
                1,
                0,
                0,
                0,
                0,
                1,
                0,
                0,
                0,
                0,
                1,
                0,
                0,
                0,
                0,
                1
              ]
            }
          },
          {
            "hnode_name": "CE-EN-010-0002__2_No PEMs",
            "hid_offset": 15,
            "mat": {
              "m": [
                1,
                0,
                0,
                0,
                0,
                1,
                0,
                0,
                0,
                0,
                1,
                0,
                -146.25,
                -196,
                2,
                1
              ]
            }
          },
          {
            "hnode_name": "Cut-Extrude3",
            "hid_offset": 90,
            "mat": {
              "m": [
                1,
                0,
                0,
                0,
                0,
                1,
                0,
                0,
                0,
                0,
                1,
                0,
                0,
                0,
                0,
                1
              ]
            }
          },
          {
            "hnode_name": "CE-HR-100-0001",
            "hid_offset": 14,
            "mat": {
              "m": [
                1,
                3.874189734398261e-18,
                -2.1649348980190553e-15,
                0,
                2.1649348980190553e-15,
                -1.3438486246557957e-17,
                1,
                0,
                3.874189734398261e-18,
                -1,
                -1.3438486246557957e-17,
                0,
                -82.8499984741211,
                -392,
                16.649999618530273,
                1
              ]
            }
          },
          {
            "hnode_name": "Cut-Extrude3",
            "hid_offset": 89,
            "mat": {
              "m": [
                1,
                0,
                0,
                0,
                0,
                1,
                0,
                0,
                0,
                0,
                1,
                0,
                0,
                0,
                0,
                1
              ]
            }
          },
          {
            "hnode_name": "CE-HR-100-0001",
            "hid_offset": 13,
            "mat": {
              "m": [
                1,
                1.359538421078579e-17,
                5.384581669432009e-15,
                0,
                -5.384581669432009e-15,
                1.4707695221256765e-18,
                1,
                0,
                1.359538421078579e-17,
                -1,
                1.4707695221256765e-18,
                0,
                -112.8499984741211,
                -392,
                16.649999618530273,
                1
              ]
            }
          },
          {
            "hnode_name": "Cut-Extrude3",
            "hid_offset": 88,
            "mat": {
              "m": [
                1,
                0,
                0,
                0,
                0,
                1,
                0,
                0,
                0,
                0,
                1,
                0,
                0,
                0,
                0,
                1
              ]
            }
          },
          {
            "hnode_name": "CE-HR-100-0001",
            "hid_offset": 12,
            "mat": {
              "m": [
                1,
                -8.119185098659649e-19,
                3.164135620181696e-15,
                0,
                -3.164135620181696e-15,
                -2.861534714431653e-17,
                1,
                0,
                -8.119185098659649e-19,
                -1,
                -2.861534714431653e-17,
                0,
                -142.85000610351562,
                -392,
                16.649999618530273,
                1
              ]
            }
          },
          {
            "hnode_name": "Fillet1",
            "hid_offset": 84,
            "mat": {
              "m": [
                1,
                0,
                0,
                0,
                0,
                1,
                0,
                0,
                0,
                0,
                1,
                0,
                0,
                0,
                0,
                1
              ]
            }
          },
          {
            "hnode_name": "CE-EN-010-0005",
            "hid_offset": 11,
            "mat": {
              "m": [
                1,
                1.1102230246251565e-16,
                -2.0019930757798768e-16,
                0,
                2.0019930757798768e-16,
                3.763402763380744e-32,
                1,
                0,
