{
  "format_version": 7,
  "format_version_initial": 6,
  "label": "edited_353945",
  "attributes": {
    "design_id": 370621,
    "design_version": null,
    "measurements": {
      "type": "face",
      "visible": false
    },
    "feedback": {
      "after_parts_added": true,
      "after_design_saved": false,
      "after_design_exported": false
    },
    "design_bbox": {
      "min": {
        "x": -2564.077710868302,
        "y": -798.6709429855295,
        "z": -1556.484059640253
      },
      "max": {
        "x": 2285.382199731767,
        "y": 981.3290570144765,
        "z": 865.1006889256169
      }
    },
    "cloned_from": {
      "design_id": 355481,
      "graph_version": "9.23"
    },
    "cut_to_length": {}
  },
  "vertices_by_index": [
    {
      "id": 4294967296,
      "attributes": {
        "group": "group",
        "part_number": "group",
        "short_name": "group"
      },
      "edges": [
        8589934645,
        8589934646
      ]
    },
    {
      "id": 4294967297,
      "attributes": {
        "group": "group",
        "part_number": "group",
        "short_name": "group",
        "visibility": true
      },
      "edges": [
        8589934665,
        8589934668,
        8589934672
      ]
    },
    {
      "id": 4294967346,
      "attributes": {
        "part_number": "CE-SN-008-0001__2",
        "short_name": "Pneumatic Actuator NPN Position Sensor_51",
        "local_matrix": {
          "m": [
            1,
            0,
            0,
            0,
            0,
            1,
            0,
            0,
            0,
            0,
            1,
            0,
            -1771.6032493700704,
            -761.2582784288296,
            159.98609933399803,
            1
          ]
        },
        "dofs": [],
        "hoops_id": 4294967296
      },
      "edges": [
        8589934645
      ]
    },
    {
      "id": 4294967347,
      "attributes": {
        "part_number": "CE-SN-008-0001__2",
        "short_name": "Pneumatic Actuator NPN Position Sensor_52",
        "local_matrix": {
          "m": [
            1,
            0,
            0,
            0,
            0,
            1,
            0,
            0,
            0,
            0,
            1,
            0,
            -1833.611265575405,
            -761.2582784288296,
            158.40074226804518,
            1
          ]
        },
        "dofs": [],
        "hoops_id": -77
      },
      "edges": [
        8589934646
      ]
    },
    {
      "id": 4294967348,
      "attributes": {
        "part_number": "CE-MD-014-0001",
        "short_name": "Momentary Pushbutton Module_53",
        "local_matrix": {
          "m": [
            1,
            0,
            0,
            0,
            -3.0955302651652684e-46,
            1,
            9.769962616701378e-15,
            0,
            -2.4651903288156269e-32,
            -9.769962616701378e-15,
            1,
            0,
            1137.882199731745,
            47.74172157247392,
            798.6699123700846,
            1
          ]
        },
        "visibility": true,
        "dofs": [],
        "hoops_id": 30064771072
      },
      "edges": [
        8589934647
      ]
    },
    {
      "id": 4294967349,
      "attributes": {
        "part_number": "MO-CV-118-0855",
        "short_name": "Roller Conveyor, 855mm x 450mm Unpowered, Low Side_54",
        "local_matrix": {
          "m": [
            -1,
            -4.345748978003832e-14,
            3.758612241773681e-16,
            0,
            3.7586122417764143e-16,
            -6.32739824435635e-15,
            1,
            0,
            -4.3457489780038306e-14,
            1,
            6.327398244356375e-15,
            0,
            -1134.6178002682532,
            -237.70827896287676,
            415.10068892560776,
            1
          ]
        },
        "dofs": [],
        "visibility": true,
        "hoops_id": 8589934592
      },
      "edges": [
        8589934648,
        8589934649,
        8589934650
      ]
    },
    {
      "id": 4294967350,
      "attributes": {
        "part_number": "MO-CV-118-0855",
        "short_name": "Roller Conveyor, 855mm x 450mm Unpowered, Low Side_55",
        "local_matrix": {
          "m": [
            -0.9999999999999999,
            -1.4249712521063892e-13,
            -2.2355211406767855e-14,
            0,
            -2.2355211406762986e-14,
            -3.401444222282649e-14,
            1,
            0,
            -1.424971252106388e-13,
            0.9999999999999999,
            3.4014442222823305e-14,
            0,
            -2140.077710868339,
            666.3290570143139,
            62.51594035972643,
            1
          ]
        },
        "dofs": [],
        "visibility": true,
        "hoops_id": 425201762304
      },
      "edges": [
        8589934651,
        8589934652,
        8589934653
      ]
    },
    {
      "id": 4294967351,
      "attributes": {
        "part_number": "MO-CV-118-0855",
        "short_name": "Roller Conveyor, 855mm x 450mm Unpowered, Low Side_56",
        "local_matrix": {
          "m": [
            -0.9999999999999999,
            -9.886536034287028e-14,
            -2.2731072630944016e-14,
            0,
            -2.273107263093815e-14,
            -5.913326078296282e-14,
            1,
            0,
            -9.88653603428701e-14,
            0.9999999999999999,
            5.913326078296057e-14,
            0,
            -2140.077710868328,
            666.32905701432,
            -387.4840596402738,
            1
          ]
        },
        "visibility": true,
        "dofs": [],
        "hoops_id": 433791696896
      },
      "edges": [
        8589934651,
        8589934654,
        8589934655,
        8589934656
      ]
    },
    {
      "id": 4294967352,
      "attributes": {
        "part_number": "HW-AR-102-0400",
        "short_name": "Guided Double-Acting Pneumatic Actuator with Pinch Guarding, 400mm Stroke_57",
        "inner_matrices": [
          {
            "hnode_name": "Assem4^HW-AR-102-0400",
            "hid_offset": 6,
            "mat": {
              "m": [
                1,
                0,
                0,
                0,
                0,
                1,
                -4.930380657632016e-32,
                0,
                0,
                -4.9303806576284073e-32,
                1,
                0,
                -6.536993168992922e-13,
                2.887645678129047e-11,
                -3.228706191293895e-11,
                1
              ]
            }
          }
        ],
        "local_matrix": {
          "m": [
            -3.3306690738754657e-16,
            -2.220446049250314e-15,
            -1,
            0,
            1.3877787807814475e-15,
            0.9999999999999999,
            -2.2204460492503135e-15,
            0,
            0.9999999999999999,
            -1.3877787807814417e-15,
            -3.33066907387559e-16,
            0,
            -2087.5777108682696,
            505.0101753268027,
            -156.98405964025096,
            1
          ]
        },
        "visibility": true,
        "dofs": [
          {
            "dof_id": "341e8e9f-9ae6-49f2-92ec-b8e948acb5b8",
            "type": "translation",
            "currentState": -4.3297513572066235e-11
          },
          {
            "dof_id": "83f51f0f-5ed3-4bec-995a-ad4303d37ea1",
            "type": "translation",
            "currentState": 4.333631765676541e-11
          }
        ],
        "hoops_id": 25769803776
      },
      "edges": [
        8589934657,
        8589934658,
        8589934659
      ]
    },
    {
      "id": 4294967353,
      "attributes": {
        "part_number": "imported-PANEL-D0F3D34F6E46_726676",
        "short_name": "PNL_BlackPolyEco_58",
        "quality_part_number": "ST-PN-011-0001",
        "aws_3dmodel": "ventiongenerated/imported_parts/PANEL-D0F3D34F6E46_726676.STEP",
        "opacity": 1,
        "panel_thickness_vector": {
          "x": 3.257741865176974,
          "y": 8.950572212985785,
          "z": -2.7394978323249407e-13
        },
        "geometry": [
          {
            "type": "prism",
            "face": [
              {
                "x": 0,
                "y": -2295,
                "z": 0
              },
              {
                "x": 0,
                "y": -2295,
                "z": -495
              },
              {
                "x": 0,
                "y": 0,
                "z": -495
              },
              {
                "x": 0,
                "y": 0,
                "z": 0
              }
            ],
            "normal": {
              "x": -9.525,
              "y": 0,
              "z": 0
            }
          }
        ],
        "perimeter": 6082.4481077777455,
        "volume": 0.010814798320671068,
        "weight": 0,
        "width": "495.00",
        "length": "2295.00",
        "panel_extrusions": [
          4294968867,
          4294968866,
          4294968865,
          4294968869
        ],
        "panel_area_in_m2": 1.1360249999999892,
        "panel_inner": false,
        "polygon_local_vertices": [
          {
            "x": 0,
            "y": 0,
            "z": 0
          },
          {
            "x": 1.1368683772161603e-13,
            "y": -2295,
            "z": 0
          },
          {
            "x": 1.1368683772161603e-13,
            "y": -2294.999999999997,
            "z": -495.0000000000001
          },
          {
            "x": 3.410605131648481e-13,
            "y": -2.842170943040401e-14,
            "z": -494.9999999999912
          }
        ],
        "initial_matrix": {
          "m": [
            -0.3420201433256668,
            -0.9396926207859091,
            2.876113209789964e-14,
            0,
            0.9396926207859091,
            -0.3420201433256668,
            1.0439869738488272e-14,
            0,
            2.6617967108524224e-17,
            3.0597269342104094e-14,
            1,
            0,
            81.5359266928142,
            663.9680178827828,
            239.03990377708394,
            1
          ]
        },
        "transversal_parts": [
          {
            "part_vid": 4294968885,
            "part_number": "ST-HP-003-0001",
            "local_matrix": {
              "m": [
                -6.106226635438361e-16,
                -2.933764342571976e-14,
                -0.9999999999999999,
                0,
                0.9396926207859095,
                -0.34202014332566544,
                9.43689570931383e-15,
                0,
                -0.34202014332566555,
                -0.9396926207859099,
                2.7789584983573376e-14,
                0,
                -2033.2855002904594,
                1432.103801434336,
                -210.9600962229394,
                1
              ]
            }
          },
          {
            "part_vid": 4294968889,
            "part_number": "ST-HP-003-0001",
            "local_matrix": {
              "m": [
                3.4416913763379853e-15,
                -3.035072193569022e-14,
                -1.0000000000000002,
                0,
                -0.9396926207859091,
                0.3420201433256671,
                -1.354472090042691e-14,
                0,
                0.3420201433256671,
                0.9396926207859091,
                -2.7311535378059412e-14,
                0,
                24.37188252277789,
                638.4822953282368,
                -210.96009622290666,
                1
              ]
            }
          },
          {
            "part_vid": 4294968895,
            "part_number": "ST-GP-001-0008",
            "local_matrix": {
              "m": [
                4.314333293040829e-15,
                -3.2449795190718536e-14,
                -1,
                0,
                0.34202014332566993,
                0.9396926207859082,
                -2.908784324517939e-14,
                0,
                0.939692620785908,
                -0.34202014332566993,
                1.517612075447438e-14,
                0,
                66.48704038648707,
                622.6215425681896,
                -121.96009622290586,
                1
              ]
            }
          },
          {
            "part_vid": 4294968868,
            "part_number": "ST-EXT-001-2205",
            "local_matrix": {
              "m": [
                -0.34202014332567,
                -0.9396926207859082,
                2.7811086766859483e-14,
                0,
                4.4322937774828776e-15,
                -3.128228902437183e-14,
                -1,
                0,
                0.9396926207859078,
                -0.3420201433256699,
                1.488063520022811e-14,
                0,
                -2040.467923300308,
                1412.370256397841,
                -8.460096222938965,
                1
              ]
            }
          },
          {
            "part_vid": 4294968877,
            "part_number": "ST-HP-003-0001",
            "local_matrix": {
              "m": [
                -0.9396926207859067,
                0.34202014332567304,
                -1.759703494030873e-14,
                0,
                6.827871601444713e-15,
                -3.2682190287403046e-14,
                -1,
                0,
                -0.34202014332567304,
                -0.9396926207859068,
                2.835882355160404e-14,
                0,
                -2033.28550029047,
                1432.1038014343517,
                194.03990377706052,
                1
              ]
            }
          },
          {
            "part_vid": 4294968883,
            "part_number": "ST-HP-003-0001",
            "local_matrix": {
              "m": [
                -2.7755575615628914e-15,
                3.197442310920451e-14,
                0.9999999999999999,
                0,
                0.9396926207859071,
                -0.3420201433256721,
                1.3600232051658168e-14,
                0,
                0.342020143325672,
                0.9396926207859069,
                -2.907314827440699e-14,
                0,
                -2047.6503463101471,
                1392.6367113613364,
                -30.960096222938365,
                1
              ]
            }
          },
          {
            "part_vid": 4294968886,
            "part_number": "ST-HP-003-0001",
            "local_matrix": {
              "m": [
                6.106226635438361e-15,
                -3.0100921755149557e-14,
                -0.9999999999999999,
                0,
                0.9396926207859071,
                -0.34202014332567204,
                1.5987211554602254e-14,
                0,
                -0.34202014332567204,
                -0.9396926207859071,
                2.6179761597866946e-14,
                0,
                -2033.285500290469,
                1432.1038014343458,
                14.039903777060463,
                1
              ]
            }
          },
          {
            "part_vid": 4294968879,
            "part_number": "ST-HP-003-0001",
            "local_matrix": {
              "m": [
                -2.7755575615628914e-16,
                2.9407032364758834e-14,
                0.9999999999999999,
                0,
                -0.9396926207859092,
                0.3420201433256661,
                -1.021405182655144e-14,
                0,
                -0.3420201433256661,
                -0.9396926207859093,
                2.7444010491528165e-14,
                0,
                38.73672854244591,
                677.9493854012626,
                194.0399037770835,
                1
              ]
            }
          },
          {
            "part_vid": 4294968894,
            "part_number": "ST-GP-001-0008",
            "local_matrix": {
              "m": [
                -1.693268149887624e-16,
                -2.987561388271046e-14,
                -1.0000000000000002,
                0,
                0.3420201433256661,
                0.9396926207859098,
                -2.8144153674247863e-14,
                0,
                0.9396926207859095,
                -0.34202014332566605,
                1.0068405481215346e-14,
                0,
                66.48704038648468,
                622.6215425682028,
                238.03990377708521,
                1
              ]
            }
          },
          {
            "part_vid": 4294968881,
            "part_number": "ST-HP-003-0001",
            "local_matrix": {
              "m": [
                -4.884981308350689e-15,
                3.072542220650121e-14,
                1,
                0,
                -0.9396926207859083,
                0.3420201433256691,
                -1.509903313490213e-14,
                0,
                -0.342020143325669,
                -0.9396926207859082,
                2.7277477037834354e-14,
                0,
                38.73672854245823,
                677.9493854012422,
                -30.960096222906717,
                1
              ]
            }
          },
          {
            "part_vid": 4294968887,
            "part_number": "ST-HP-003-0001",
            "local_matrix": {
              "m": [
                4.3298697960381105e-15,
                -3.1835645231126364e-14,
                -1,
                0,
                -0.9396926207859082,
                0.34202014332566905,
                -1.4932499681208355e-14,
                0,
                0.3420201433256691,
                0.9396926207859084,
                -2.8477269553915934e-14,
                0,
                24.3718825227799,
                638.4822953282355,
                14.039903777094441,
                1
              ]
            }
          },
          {
            "part_vid": 4294968896,
            "part_number": "ST-GP-001-0008",
            "local_matrix": {
              "m": [
                -1.556075718805969e-16,
                2.9806533338951765e-14,
                1.0000000000000002,
                0,
                -0.34202014332566555,
                -0.9396926207859098,
                2.7866597918096096e-14,
                0,
                0.9396926207859096,
                -0.3420201433256655,
                1.0321374665396593e-14,
                0,
                96.58481299914334,
                705.3144931973516,
                -142.46009622291726,
                1
              ]
            }
          }
        ],
        "custom_connector_ref_spec": [
          {
            "rotationAngles": {
              "x": 0,
              "y": 1.5707963267948966,
              "z": 0
            },
            "translation": {
              "x": 45.000000000001364,
              "y": -1169.9999999999968,
              "z": -494.9999999999957
            }
          },
          {
            "rotationAngles": {
              "x": 0,
              "y": 1.5707963267948966,
              "z": 2.9391523179536467e-15
            },
            "translation": {
              "x": 45.000000000000995,
              "y": -2294.9999999999986,
              "z": -270.00000000000006
            },
            "flippedState": false
          },
          {
            "rotationAngles": {
              "x": 0,
              "y": 1.5707963267948966,
              "z": 1.9594348786357655e-15
            },
            "translation": {
              "x": 45.00000000000051,
              "y": -1170.0000000000005,
              "z": -45.00000000000006
            },
            "flippedState": false
          },
          {
            "rotationAngles": {
              "x": 1.4451922852620867e-31,
              "y": 1.5707963267948966,
              "z": 7.285749178111139e-16
            },
            "translation": {
              "x": 44.99999999999986,
              "y": -45.00000000000023,
              "z": -270.00000000000006
            },
            "flippedState": false
          }
        ],
        "custom_connector": [
          {
            "uid": "cma_1|imported-PANEL-D0F3D34F6E46|universal|a0",
            "translation": {
              "x": 45.000000000001364,
              "y": -1169.9999999999968,
              "z": -494.9999999999957
            },
            "rotation": {
              "x": 0,
              "y": 1.5707963267948966,
              "z": 0
            },
            "flags": 64,
            "other_params": {
              "distanceV": {
                "x": 0,
                "y": 0,
                "z": 0
              }
            }
          },
          {
            "uid": "cma_1|imported-PANEL-D0F3D34F6E46|universal|a1",
            "translation": {
              "x": 45.000000000000995,
              "y": -2294.9999999999986,
              "z": -270.00000000000006
            },
            "rotation": {
              "x": 0,
              "y": 1.5707963267948966,
              "z": 2.9391523179536467e-15
            },
            "flags": 64,
            "other_params": {
              "distanceV": {
                "x": 0,
                "y": 0,
                "z": 0
              }
            }
          },
          {
            "uid": "cma_1|imported-PANEL-D0F3D34F6E46|universal|a2",
            "translation": {
              "x": 45.00000000000051,
              "y": -1170.0000000000005,
              "z": -45.00000000000006
            },
            "rotation": {
              "x": 0,
              "y": 1.5707963267948966,
              "z": 1.9594348786357655e-15
            },
            "flags": 64,
            "other_params": {
              "distanceV": {
                "x": 0,
                "y": 0,
                "z": 0
              }
            }
          },
          {
            "uid": "cma_1|imported-PANEL-D0F3D34F6E46|universal|a3",
            "translation": {
              "x": 44.99999999999986,
              "y": -45.00000000000023,
              "z": -270.00000000000006
            },
            "rotation": {
              "x": 1.4451922852620867e-31,
              "y": 1.5707963267948966,
              "z": 7.285749178111139e-16
            },
            "flags": 64,
            "other_params": {
              "distanceV": {
                "x": 0,
                "y": 0,
                "z": 0
              }
            }
          }
        ],
        "hasRotationOptions": true,
        "holes": [
          {
            "holeType": "csink",
            "position": {
              "x": 0,
              "y": -22.5,
              "z": -22.500000000000004
            },
            "fasteners": {
              "part_numbers": [
                "HW-FN-015-0020",
                "HW-FN-002-0001"
              ],
              "length": 20
            }
          },
          {
            "holeType": "csink",
            "position": {
              "x": 0,
              "y": -22.500000000000032,
              "z": -472.4999999999911
            },
            "fasteners": {
              "part_numbers": [
                "HW-FN-015-0020",
                "HW-FN-002-0001"
              ],
              "length": 20
            }
          },
          {
            "holeType": "csink",
            "position": {
              "x": 0,
              "y": -2272.499999999997,
              "z": -472.4999999999999
            },
            "fasteners": {
              "part_numbers": [
                "HW-FN-015-0020",
                "HW-FN-002-0001"
              ],
              "length": 20
            }
          },
          {
            "holeType": "csink",
            "position": {
              "x": 0,
              "y": -2272.5,
              "z": -22.499999999999854
            },
            "fasteners": {
              "part_numbers": [
                "HW-FN-015-0020",
                "HW-FN-002-0001"
              ],
              "length": 20
            }
          },
          {
            "holeType": "csink",
            "position": {
              "x": 0,
              "y": -1147.4999999999984,
              "z": -472.49999999999545
            },
            "fasteners": {
              "part_numbers": [
                "HW-FN-015-0020",
                "HW-FN-002-0001"
              ],
              "length": 20
            }
          },
          {
            "holeType": "csink",
            "position": {
              "x": 0,
              "y": -1147.5,
              "z": -22.49999999999993
            },
            "fasteners": {
              "part_numbers": [
                "HW-FN-015-0020",
                "HW-FN-002-0001"
              ],
              "length": 20
            }
          }
        ],
        "local_matrix": {
          "m": [
            -0.3420201433256691,
            -0.9396926207859081,
            3.7724881184049574e-15,
            0,
            0.9396926207859081,
            -0.3420201433256691,
            -1.6427891091828017e-16,
            0,
            1.4446386072918705e-15,
            3.4887925502099585e-15,
            1,
            0,
            947.0054868974722,
            -110.7494619986903,
            152.51594035974622,
            1
          ]
        },
        "visibility": true,
        "dofs": [],
        "hoops_id": -69
      },
      "edges": [
        8589934660,
        8589934661,
        8589934662,
        8589934663
      ]
    },
    {
      "id": 4294967354,
      "attributes": {
        "part_number": "MO-CV-016-0675",
        "short_name": "Roller Conveyor, 675mm x 450mm Powered Segment_59",
        "local_matrix": {
          "m": [
            7.894919286223623e-17,
            -2.0228710225636608e-14,
            -1,
            0,
            -1,
            -1.0440563601139016e-15,
            -7.894919286220783e-17,
            0,
            -1.0440563601139006e-15,
            1,
            -2.0228710225636608e-14,
            0,
            1115.3821997317468,
            -233.25827842885576,
            6.169912370089605,
            1
          ]
        },
        "visibility": true,
        "dofs": [],
        "hoops_id": 77309411328
      },
      "edges": [
        8589934664,
        8589934665,
        8589934666,
        8589934667
      ]
    },
    {
      "id": 4294967355,
      "attributes": {
        "part_number": "MO-CV-016-0675",
        "short_name": "Roller Conveyor, 675mm x 450mm Powered Segment_60",
        "visibility": true,
        "local_matrix": {
          "m": [
            7.894919286222992e-17,
            -2.0228710225636614e-14,
            -1,
            0,
            -1,
            -1.9322347798140333e-15,
            -7.894919286217879e-17,
            0,
            -1.9322347798140317e-15,
            1,
            -2.0228710225636614e-14,
            0,
            215.38219973174705,
            -233.25827842885712,
            6.169912370089605,
            1
          ]
        },
        "dofs": [],
        "hoops_id": 459561500672
      },
      "edges": [
        8589934668,
        8589934669,
        8589934670,
        8589934671
      ]
    },
    {
      "id": 4294967356,
      "attributes": {
        "part_number": "MO-CV-018-0675",
        "short_name": "Roller Conveyor, 675mm x 450mm Unpowered Segment_61",
        "local_matrix": {
          "m": [
            7.89491928622299e-17,
            -2.0228710225636605e-14,
            -0.9999999999999999,
            0,
            -0.9999999999999998,
            -1.266100965038939e-15,
            -7.894919286219117e-17,
            0,
            -1.2661009650389437e-15,
            0.9999999999999999,
            -2.0228710225636605e-14,
            0,
            665.3821997317473,
            -233.25827842885758,
            6.169912370089605,
            1
          ]
        },
        "visibility": true,
        "dofs": [],
        "hoops_id": 60129542144
      },
      "edges": [
        8589934664,
        8589934669,
        8589934672,
        8589934673,
        8589934674
      ]
    },
    {
      "id": 4294967357,
      "attributes": {
        "part_number": "ST-SE-005-0001",
        "short_name": "Door Hinge_62",
        "angle1_in_degrees": 0,
        "angle2_in_degrees": 0,
        "inner_matrices": [
          {
            "hnode_name": "ST-SE-005-0003",
            "hid_offset": 3,
            "mat": {
              "m": [
                1,
                0,
                0,
                0,
                0,
                1,
                0,
                0,
                0,
                0,
                1,
                0,
                33.75,
                11.25,
                -33.75,
                1
              ]
            }
          },
          {
            "hnode_name": "ST-SE-005-0002",
            "hid_offset": 2,
            "mat": {
              "m": [
                0.34202014332566877,
                -0.9396926207859085,
                -2.0510383535746307e-29,
                0,
                -0.9396926207859085,
                -0.34202014332566877,
                -1.1044052673094165e-29,
                0,
                -4.890937612370273e-29,
                -1.203012880462043e-29,
                -1,
                0,
                32.77836214659783,
                46.8123525639503,
                3.410605131648481e-13,
                1
              ]
            }
          },
          {
            "hnode_name": "ST-SE-005-0001",
            "hid_offset": 0,
            "mat": {
              "m": [
                -5.551115123125692e-17,
                1,
                -2.8619082412559588e-15,
                0,
                1,
                5.551115123125796e-17,
                -1.4071759317910366e-15,
                0,
                -1.407175931791038e-15,
                -2.861908241255965e-15,
                -1,
                0,
                -1240.0777108682678,
                587.5790570145138,
                107.51594035974928,
                1
              ]
            }
          }
        ],
        "dofs": [
          {
            "dof_id": "6864acea-ad91-4ae9-8a3e-c686dca362ca",
            "type": "rotation",
            "currentState": 1.9198621771937625
          },
          {
            "dof_id": "259e906b-1d9d-435e-b72f-c0585cde81e5",
            "type": "rotation",
            "currentState": -1.9198621771937625
          }
        ],
        "local_matrix": {
          "m": [
            -5.551115123125692e-17,
            1,
            -2.8619082412559588e-15,
            0,
            1,
            5.551115123125796e-17,
            -1.4071759317910366e-15,
            0,
            -1.407175931791038e-15,
            -2.861908241255965e-15,
            -1,
            0,
            -1240.0777108682678,
            587.5790570145138,
            107.51594035974928,
            1
          ]
        },
        "inner_matrices_baseid": 94489280512,
        "visibility": true,
        "hoops_id": 94489280512
      },
      "edges": [
        8589934675,
        8589934676,
        8589934677
      ]
    },
    {
      "id": 4294967358,
      "attributes": {
        "part_number": "imported-PANEL-93F370BB1CFA_726719",
        "short_name": "PNL_BlackPolyEco_63",
        "quality_part_number": "ST-PN-011-0001",
        "aws_3dmodel": "ventiongenerated/imported_parts/PANEL-93F370BB1CFA_726719.STEP",
        "opacity": 1,
        "panel_thickness_vector": {
          "x": -2.918109383173039e-28,
          "y": 9.524999999999999,
          "z": -2.887645678129047e-13
        },
        "geometry": [
          {
            "type": "prism",
            "face": [
              {
                "x": 0,
                "y": 765,
                "z": 0
              },
              {
                "x": 0,
                "y": 765,
                "z": 450
              },
              {
                "x": 0,
                "y": 0,
                "z": 450
              },
              {
                "x": 0,
                "y": 0,
                "z": 0
              }
            ],
            "normal": {
              "x": -9.525,
              "y": 0,
              "z": 0
            }
          }
        ],
        "perimeter": 2932.448107777782,
        "volume": 0.0032731414456712484,
        "weight": 0,
        "width": "450.00",
        "length": "765.00",
        "panel_extrusions": [
          4294969013,
          4294969011,
          4294969010,
          4294969012
        ],
        "panel_area_in_m2": 0.344250000000008,
        "panel_inner": false,
        "polygon_local_vertices": [
          {
            "x": 0,
            "y": 0,
            "z": 0
          },
          {
            "x": 0,
            "y": 765.0000000000001,
            "z": -2.2737367544323206e-13
          },
          {
            "x": 0,
            "y": 764.999999999987,
            "z": 450.0000000000218
          },
          {
            "x": 0,
            "y": -1.3031353773840237e-11,
            "z": 449.99999999999864
          }
        ],
        "initial_matrix": {
          "m": [
            6.123233995736766e-17,
            -1,
            3.0316490059097614e-14,
            0,
            3.0259298609761625e-14,
            3.0316490059097614e-14,
            1,
            0,
            -1,
            -6.12323399564503e-17,
            3.0259298609761625e-14,
            0,
            1399.4088829410405,
            535.0000000000002,
            4.659596674794229,
            1
          ]
        },
        "transversal_parts": [
          {
            "part_vid": 4294969009,
            "part_number": "ST-EXT-001-0900",
            "local_matrix": {
              "m": [
                0,
                -3.037772239905497e-14,
                -1,
                0,
                1,
                -5.719144933597973e-17,
                6.310887241768095e-30,
                0,
                -5.719144933597759e-17,
                -1,
                3.0377722399054975e-14,
                0,
                926.908882941042,
                945.0000000000227,
                747.1595966747823,
                1
              ]
            }
          }
        ],
        "custom_connector_ref_spec": [
          {
            "rotationAngles": {
              "x": 0,
              "y": 1.5707963267948966,
              "z": 0
            },
            "translation": {
              "x": 45,
              "y": 359.99999999999864,
              "z": -2.3092638912203256e-13
            }
          },
          {
            "rotationAngles": {
              "x": 3.093916042688036e-31,
              "y": 1.5707963267948966,
              "z": -2.113596025229289e-15
            },
            "translation": {
              "x": 45.000000000000085,
              "y": 719.9999999999934,
              "z": 202.50000000002092
            },
            "flippedState": false
          },
          {
            "rotationAngles": {
              "x": 3.093916042688036e-31,
              "y": 1.5707963267948966,
              "z": -3.0933134645471693e-15
            },
            "translation": {
              "x": 45.00000000000006,
              "y": 359.9999999999875,
              "z": 405.00000000001023
            },
            "flippedState": false
          },
          {
            "rotationAngles": {
              "x": 2.8616853399635818e-31,
              "y": 1.5707963267948966,
              "z": -1.3487056288950486e-28
            },
            "translation": {
              "x": 45.000000000000085,
              "y": -6.512124173241318e-12,
              "z": 202.4999999999991
            },
            "flippedState": false
          },
          {
            "rotationAngles": {
              "x": -1.546958021344018e-31,
              "y": -1.5707963267948966,
              "z": -1.7915860921030557e-15
            },
            "translation": {
              "x": -54.52499961853025,
              "y": 359.99999962067415,
              "z": 247.5000002454742
            },
            "flippedState": false
          }
        ],
        "custom_connector": [
          {
            "uid": "cma_1|imported-PANEL-93F370BB1CFA|universal|a0",
            "translation": {
              "x": 45,
              "y": 359.99999999999864,
              "z": -2.3092638912203256e-13
            },
            "rotation": {
              "x": 0,
              "y": 1.5707963267948966,
              "z": 0
            },
            "flags": 64,
            "other_params": {
              "distanceV": {
                "x": 0,
                "y": 0,
                "z": 0
              }
            }
          },
          {
            "uid": "cma_1|imported-PANEL-93F370BB1CFA|universal|a1",
            "translation": {
              "x": 45.000000000000085,
              "y": 719.9999999999934,
              "z": 202.50000000002092
            },
            "rotation": {
              "x": 3.093916042688036e-31,
              "y": 1.5707963267948966,
              "z": -2.113596025229289e-15
            },
            "flags": 64,
            "other_params": {
              "distanceV": {
                "x": 0,
                "y": 0,
                "z": 0
              }
            }
          },
          {
            "uid": "cma_1|imported-PANEL-93F370BB1CFA|universal|a2",
            "translation": {
              "x": 45.00000000000006,
              "y": 359.9999999999875,
              "z": 405.00000000001023
            },
            "rotation": {
              "x": 3.093916042688036e-31,
              "y": 1.5707963267948966,
              "z": -3.0933134645471693e-15
            },
            "flags": 64,
            "other_params": {
              "distanceV": {
                "x": 0,
                "y": 0,
                "z": 0
              }
            }
          },
          {
            "uid": "cma_1|imported-PANEL-93F370BB1CFA|universal|a3",
            "translation": {
              "x": 45.000000000000085,
              "y": -6.512124173241318e-12,
              "z": 202.4999999999991
            },
            "rotation": {
              "x": 2.8616853399635818e-31,
              "y": 1.5707963267948966,
              "z": -1.3487056288950486e-28
            },
            "flags": 64,
            "other_params": {
              "distanceV": {
                "x": 0,
                "y": 0,
                "z": 0
              }
            }
          },
          {
            "uid": "cma_1|imported-PANEL-93F370BB1CFA_726719|universal|a1",
            "translation": {
              "x": -54.52499961853025,
              "y": 359.99999962067415,
              "z": 247.5000002454742
            },
            "rotation": {
              "x": -1.546958021344018e-31,
              "y": -1.5707963267948966,
              "z": -1.7915860921030557e-15
            },
            "flags": 64,
            "other_params": {
              "hid_rel": 5,
              "distanceV": {
                "x": 0,
                "y": 0,
                "z": 0
              },
              "rot_opt": 90
            }
          }
        ],
        "hasRotationOptions": true,
        "holes": [
          {
            "holeType": "csink",
            "position": {
              "x": 0,
              "y": 22.500000000000007,
              "z": 22.499999999999996
            },
            "fasteners": {
              "part_numbers": [
                "HW-FN-015-0020",
                "HW-FN-002-0001"
              ],
              "length": 20
            }
          },
          {
            "holeType": "csink",
