{
    "format_version": 10,
    "format_version_initial": 9,
    "label": "edited_13223",
    "attributes": {
      "design_id": 13223,
      "design_version": null,
      "measurements": {
        "type": "face",
        "visible": true
      },
      "design_bbox": {
        "min": {
          "x": -658.0000335469914,
          "y": -305.0000000000002,
          "z": -2655.5819718915855
        },
        "max": {
          "x": 6892.721566463384,
          "y": 849.0348109784336,
          "z": 3420.000000000001
        }
      },
      "feedback": {
        "after_parts_added": true,
        "after_design_saved": false,
        "after_design_exported": false
      }
    },
    "vertices_by_index": [
      {
        "id": 4294967296,
        "attributes": {
          "vertex_type": "part",
          "part_number": "MO-CV-030-0012",
          "short_name": "O-Ring Roller Conveyor 45° Powered Curved Section with 1 Zone_1",
          "fixed_to_ground": true,
          "local_matrix": {
            "m": [
              0.999999999999998,
              -1.0391120498736775e-7,
              -9.091047470174883e-9,
              0,
              1.0430812838494661e-7,
              0.9961947071828532,
              0.08715563883590326,
              0,
              6.520978889951634e-15,
              -0.08715563883590442,
              0.9961947071828503,
              0,
              -314.9999851360824,
              458.4578541321573,
              147.4196880142602,
              1
            ]
          },
          "hoops_id": 8589934592
        },
        "edges": [
          8589934592,
          8589934593,
          8589934594,
          8589934595,
          8589934596,
          8589934597,
          8589934598,
          8589934623
        ]
      },
      {
        "id": 4294967297,
        "attributes": {
          "vertex_type": "part",
          "part_number": "MO-CV-030-0006",
          "short_name": "Angle Adjustment Bracket For Roller Conveyor_2",
          "ghost_data": [
            254,
            1,
            1,
            65,
            240,
            0,
            0,
            0,
            0,
            0,
            0,
            18,
            0,
            21,
            0,
            22,
            0
          ],
          "inner_matrices": [
            {
              "hnode_name": "MO-CV-030-0006",
              "hid_offset": 2,
              "mat": {
                "m": [
                  8.271806125530277e-24,
                  0.08715574274710669,
                  -0.9961946980917892,
                  0,
                  1.3462364469300525e-22,
                  0.9961946980917841,
                  0.08715574274710534,
                  0,
                  0.9999999999999967,
                  1.626930164848805e-23,
                  3.308722450212111e-24,
                  0,
                  6.131983809609665e-12,
                  -0.37101693605279706,
                  8.497684917835244,
                  1
                ]
              }
            },
            {
              "hnode_name": "MO-CV-030-0006_Fixed_Body_MB",
              "hid_offset": 3,
              "mat": {
                "m": [
                  1,
                  0,
                  0,
                  0,
                  0,
                  1,
                  0,
                  0,
                  0,
                  0,
                  1,
                  0,
                  0,
                  -97.50000000000001,
                  2.1649348980190562e-14,
                  1
                ]
              }
            }
          ],
          "local_matrix": {
            "m": [
              0.9999999999999973,
              -1.0391120495281555e-7,
              -9.091047458248656e-9,
              0,
              1.039112039438322e-7,
              0.9999999999999958,
              -1.0430812784248277e-7,
              0,
              9.091058884627084e-9,
              1.0430812696839272e-7,
              0.9999999999999928,
              0,
              26.500010131343547,
              414.0000728729262,
              134.99999620550958,
              1
            ]
          },
          "hoops_id": 12884901888
        },
        "edges": [
          8589934593,
          8589934599
        ]
      },
      {
        "id": 4294967298,
        "attributes": {
          "vertex_type": "part",
          "part_number": "MO-CV-030-0006",
          "short_name": "Angle Adjustment Bracket For Roller Conveyor_3",
          "ghost_data": [
            254,
            1,
            1,
            65,
            240,
            0,
            0,
            0,
            0,
            0,
            0,
            18,
            0,
            21,
            0,
            22,
            1
          ],
          "inner_matrices": [
            {
              "hnode_name": "MO-CV-030-0006",
              "hid_offset": 2,
              "mat": {
                "m": [
                  -1.6264767310758543e-14,
                  -1.4751397060114302e-7,
                  -0.9999999999999853,
                  0,
                  2.3522850334245504e-15,
                  0.9999999999999918,
                  -1.475139690190752e-7,
                  0,
                  0.9999999999999873,
                  -4.0245584642661925e-16,
                  4.052314039881821e-15,
                  0,
                  -6.707523425575346e-12,
                  1.1368683772161603e-11,
                  -0.000014382619497155247,
                  1
                ]
              }
            },
            {
              "hnode_name": "MO-CV-030-0006_Fixed_Body_MB",
              "hid_offset": 3,
              "mat": {
                "m": [
                  1,
                  0,
                  0,
                  0,
                  0,
                  1,
                  0,
                  0,
                  0,
                  0,
                  1,
                  0,
                  0,
                  -97.50000000000001,
                  2.1649348980190562e-14,
                  1
                ]
              }
            }
          ],
          "local_matrix": {
            "m": [
              0.707106781186548,
              -0.0616284167158308,
              0.7044160264027981,
              0,
              2.37428041177981e-16,
              0.9961946980918064,
              0.08715574274710806,
              0,
              -0.7071067811865461,
              -0.0616284167158313,
              0.7044160264027979,
              0,
              231.9060104540015,
              456.84899264723543,
              -350.50928514810397,
              1
            ]
          },
          "hoops_id": 17179869184
        },
        "edges": [
          8589934592,
          8589934603
        ]
      },
      {
        "id": 4294967299,
        "attributes": {
          "vertex_type": "part",
          "part_number": "MO-CV-030-0006",
          "short_name": "Angle Adjustment Bracket For Roller Conveyor_4",
          "ghost_data": [
            254,
            1,
            1,
            65,
            240,
            0,
            0,
            0,
            0,
            0,
            0,
            18,
            0,
            21,
            0,
            22,
            2
          ],
          "inner_matrices": [
            {
              "hnode_name": "MO-CV-030-0006",
              "hid_offset": 2,
              "mat": {
                "m": [
                  8.271806125530277e-24,
                  -0.08715574274710669,
                  -0.9961946980917892,
                  0,
                  -1.3462364469300525e-22,
                  0.9961946980917841,
                  -0.08715574274710534,
                  0,
                  0.9999999999999967,
                  -1.626930164848805e-23,
                  3.308722450212111e-24,
                  0,
                  -1.0231815394945443e-11,
                  -0.3710169360528539,
                  -8.497684917841298,
                  1
                ]
              }
            },
            {
              "hnode_name": "MO-CV-030-0006_Fixed_Body_MB",
              "hid_offset": 3,
              "mat": {
                "m": [
                  1,
                  0,
                  0,
                  0,
                  0,
                  1,
                  0,
                  0,
                  0,
                  0,
                  1,
                  0,
                  0,
                  -97.50000000000001,
                  2.1649348980190562e-14,
                  1
                ]
              }
            }
          ],
          "local_matrix": {
            "m": [
              -0.9999999999999973,
              1.0391120495281555e-7,
              9.091047458248656e-9,
              0,
              1.039112039438322e-7,
              0.9999999999999958,
              -1.0430812784248277e-7,
              0,
              -9.091058884627084e-9,
              -1.0430812696839272e-7,
              -0.9999999999999928,
              0,
              -656.4999898686522,
              414.0001438442788,
              135.00000241469556,
              1
            ]
          },
          "hoops_id": 42949672960
        },
        "edges": [
          8589934597,
          8589934618
        ]
      },
      {
        "id": 4294967300,
        "attributes": {
          "vertex_type": "part",
          "part_number": "MO-CV-030-0006",
          "short_name": "Angle Adjustment Bracket For Roller Conveyor_5",
          "ghost_data": [
            254,
            1,
            1,
            65,
            240,
            0,
            0,
            0,
            0,
            0,
            0,
            18,
            0,
            21,
            0,
            22,
            3
          ],
          "inner_matrices": [
            {
              "hnode_name": "MO-CV-030-0006",
              "hid_offset": 2,
              "mat": {
                "m": [
                  0,
                  1.4751396762435753e-7,
                  -1.0000000000000373,
                  0,
                  -2.5673907444456745e-16,
                  1.000000000000039,
                  1.4751396745088519e-7,
                  0,
                  1.000000000000038,
                  4.378442053365461e-15,
                  -1.63202784619898e-14,
                  0,
                  1.432454155292362e-11,
                  1.9326762412674725e-12,
                  0.000014382626204678672,
                  1
                ]
              }
            },
            {
              "hnode_name": "MO-CV-030-0006_Fixed_Body_MB",
              "hid_offset": 3,
              "mat": {
                "m": [
                  1,
                  0,
                  0,
                  0,
                  0,
                  1,
                  0,
                  0,
                  0,
                  0,
                  1,
                  0,
                  0,
                  -97.50000000000001,
                  2.1649348980190562e-14,
                  1
                ]
              }
            }
          ],
          "local_matrix": {
            "m": [
              -0.7071067811865481,
              0.06162841671583083,
              -0.7044160264027981,
              0,
              2.37428041177981e-16,
              0.9961946980918064,
              0.08715574274710806,
              0,
              0.707106781186546,
              0.0616284167158313,
              -0.7044160264027979,
              0,
              -251.0479286119725,
              498.94120058928127,
              -831.6254234674557,
              1
            ]
          },
          "hoops_id": 25769803776
        },
        "edges": [
          8589934598,
          8589934611
        ]
      },
      {
        "id": 4294967301,
        "attributes": {
          "vertex_type": "part",
          "part_number": "ST-EXT-001-0360",
          "short_name": "45x45mm (360mm) Aluminum Extrusion_6",
          "ghost_data": [
            254,
            1,
            1,
            65,
            240,
            0,
            0,
            0,
            0,
            0,
            0,
            18,
            1,
            21,
            0,
            22,
            0
          ],
          "local_matrix": {
            "m": [
              9.091058895252265e-9,
              1.0430812687124821e-7,
              0.9999999999999928,
              0,
              -0.9999999999999973,
              1.0391120495281555e-7,
              9.091047458248656e-9,
              0,
              -1.0391120391412334e-7,
              -0.9999999999999953,
              1.0430812762564231e-7,
              0,
              0.0000070140075431751105,
              384.0000756265724,
              134.99999957566635,
              1
            ]
          },
          "hoops_id": 30064771072
        },
        "edges": [
          8589934599,
          8589934600,
          8589934601,
          8589934602
        ]
      },
      {
        "id": 4294967302,
        "attributes": {
          "vertex_type": "part",
          "part_number": "ST-EXT-001-0360",
          "short_name": "45x45mm (360mm) Aluminum Extrusion_7",
          "ghost_data": [
            254,
            1,
            1,
            65,
            240,
            0,
            0,
            0,
            0,
            0,
            0,
            18,
            1,
            21,
            0,
            22,
            1
          ],
          "local_matrix": {
            "m": [
              -0.7071067811865461,
              -0.06162841671583161,
              0.7044160264027975,
              0,
              -0.707106781186548,
              0.0616284167158308,
              -0.7044160264027981,
              0,
              -1.0753463274265688e-16,
              -0.9961946980918064,
              -0.08715574274710818,
              0,
              213.16768075255794,
              428.59630474745046,
              -371.79098213019137,
              1
            ]
          },
          "hoops_id": -69
        },
        "edges": [
          8589934603,
          8589934604,
          8589934605,
          8589934606
        ]
      },
      {
        "id": 4294967303,
        "attributes": {
          "vertex_type": "part",
          "part_number": "ST-EXT-001-0360",
          "short_name": "45x45mm (360mm) Aluminum Extrusion_8",
          "ghost_data": [
            254,
            1,
            1,
            65,
            240,
            0,
            0,
            0,
            0,
            0,
            0,
            18,
            1,
            21,
            0,
            22,
            2
          ],
          "local_matrix": {
            "m": [
              -9.091058895252264e-9,
              -1.0430812721645818e-7,
              -0.999999999999993,
              0,
              0.9999999999999973,
              -1.0391120495281555e-7,
              -9.091047458248656e-9,
              0,
              -1.0391120391622909e-7,
              -0.9999999999999958,
              1.0430812799513844e-7,
              0,
              -629.9999929859875,
              384.0001410906315,
              135.00000530302637,
              1
            ]
          },
          "hoops_id": -70
        },
        "edges": [
          8589934616,
          8589934617,
          8589934618,
          8589934619
        ]
      },
      {
        "id": 4294967304,
        "attributes": {
          "vertex_type": "part",
          "part_number": "ST-EXT-001-0360",
          "short_name": "45x45mm (360mm) Aluminum Extrusion_9",
          "ghost_data": [
            254,
            1,
            1,
            65,
            240,
            0,
            0,
            0,
            0,
            0,
            0,
            18,
            1,
            21,
            0,
            22,
            3
          ],
          "local_matrix": {
            "m": [
              0.707106781186546,
              0.06162841671583105,
              -0.7044160264027978,
              0,
              0.7071067811865481,
              -0.06162841671583083,
              0.7044160264027981,
              0,
              -3.6732144961330483e-16,
              -0.9961946980918064,
              -0.08715574274710806,
              0,
              -232.3095989105289,
              467.422206603557,
              -815.5730710501939,
              1
            ]
          },
          "hoops_id": -71
        },
        "edges": [
          8589934608,
          8589934610,
          8589934611,
          8589934612
        ]
      },
      {
        "id": 4294967305,
        "attributes": {
          "vertex_type": "part",
          "part_number": "MO-CV-030-0007",
          "short_name": "Height Adjustment Bracket For Roller Conveyor_10",
          "ghost_data": [
            254,
            1,
            1,
            65,
            240,
            0,
            0,
            0,
            0,
            0,
            0,
            18,
            2,
            21,
            0,
            22,
            0
          ],
          "local_matrix": {
            "m": [
              0.9999999999999973,
              -1.039112049394138e-7,
              -9.091047279138457e-9,
              0,
              1.0391120391412334e-7,
              0.9999999999999953,
              -1.0430812762564231e-7,
              0,
              9.091058699879034e-9,
              1.0430812681053289e-7,
              0.9999999999999928,
              0,
              27.999967112105253,
              0.00007271706177365504,
              135.00003937543815,
              1
            ]
          },
          "hoops_id": 21474836480
        },
        "edges": [
          8589934602
        ]
      },
      {
        "id": 4294967306,
        "attributes": {
          "vertex_type": "part",
          "part_number": "MO-CV-030-0007",
          "short_name": "Height Adjustment Bracket For Roller Conveyor_11",
          "ghost_data": [
            254,
            1,
            1,
            65,
            240,
            0,
            0,
            0,
            0,
            0,
            0,
            18,
            2,
            21,
            0,
            22,
            1
          ],
          "local_matrix": {
            "m": [
              0.7071067811865479,
              -0.061628416715830914,
              0.7044160264027983,
              0,
              1.0753463274265688e-16,
              0.9961946980918064,
              0.08715574274710818,
              0,
              -0.7071067811865462,
              -0.06162841671583141,
              0.7044160264027975,
              0,
              232.96667062578106,
              44.33194501215481,
              -385.5351386058031,
              1
            ]
          },
          "hoops_id": -72
        },
        "edges": [
          8589934605
        ]
      },
      {
        "id": 4294967307,
        "attributes": {
          "vertex_type": "part",
          "part_number": "MO-CV-030-0007",
          "short_name": "Height Adjustment Bracket For Roller Conveyor_12",
          "ghost_data": [
            254,
            1,
            1,
            65,
            240,
            0,
            0,
            0,
            0,
            0,
            0,
            18,
            2,
            21,
            0,
            22,
            2
          ],
          "local_matrix": {
            "m": [
              -0.9999999999999973,
              1.039112049394138e-7,
              9.091047279138457e-9,
              0,
              1.0391120391622909e-7,
              0.9999999999999958,
              -1.0430812799513844e-7,
              0,
              -9.091058710721055e-9,
              -1.0430812720431511e-7,
              -0.999999999999993,
              0,
              -658.0000328878898,
              0.00014400014832557248,
              135.00004561189712,
              1
            ]
          },
          "hoops_id": -73
        },
        "edges": [
          8589934619
        ]
      },
      {
        "id": 4294967308,
        "attributes": {
          "vertex_type": "part",
          "part_number": "MO-CV-030-0007",
          "short_name": "Height Adjustment Bracket For Roller Conveyor_13",
          "ghost_data": [
            254,
            1,
            1,
            65,
            240,
            0,
            0,
            0,
            0,
            0,
            0,
            18,
            2,
            21,
            0,
            22,
            3
          ],
          "local_matrix": {
            "m": [
              -0.707106781186548,
              0.0616284167158308,
              -0.7044160264027981,
              0,
              3.6732144961330483e-16,
              0.9961946980918064,
              0.08715574274710806,
              0,
              0.7071067811865461,
              0.06162841671583108,
              -0.7044160264027977,
              0,
              -252.10858878375237,
              86.60903820434736,
              -868.764525004362,
              1
            ]
          },
          "hoops_id": -74
        },
        "edges": [
          8589934608
        ]
      },
      {
        "id": 4294967309,
        "attributes": {
          "vertex_type": "part",
          "part_number": "ST-EXT-001-0585",
          "short_name": "45x45mm (585mm) Aluminum Extrusion_14",
          "ghost_data": [
            254,
            1,
            1,
            65,
            240,
            0,
            0,
            0,
            0,
            0,
            0,
            18,
            3,
            21,
            0,
            22,
            0
          ],
          "local_matrix": {
            "m": [
              9.091058895252265e-9,
              1.0430812687124821e-7,
              0.9999999999999928,
              0,
              -1.0391120391412334e-7,
              -0.9999999999999953,
              1.0430812762564231e-7,
              0,
              0.9999999999999973,
              -1.0391120495281555e-7,
              -9.091047458248656e-9,
              0,
              -607.5000187040114,
              136.5001387526311,
              135.0000309147395,
              1
            ]
          },
          "hoops_id": 4294967296
        },
        "edges": [
          8589934601,
          8589934613,
          8589934615,
          8589934616
        ]
      },
      {
        "id": 4294967310,
        "attributes": {
          "vertex_type": "part",
          "part_number": "ST-EXT-001-0585",
          "short_name": "45x45mm (585mm) Aluminum Extrusion_15",
          "ghost_data": [
            254,
            1,
            1,
            65,
            240,
            0,
            0,
            0,
            0,
            0,
            0,
            18,
            3,
            21,
            0,
            22,
            1
          ],
          "local_matrix": {
            "m": [
              0.7071067811865461,
              0.06162841671583161,
              -0.7044160264027975,
              0,
              -1.0753463274265688e-16,
              -0.9961946980918064,
              -0.08715574274710818,
              0,
              -0.707106781186548,
              0.0616284167158308,
              -0.7044160264027981,
              0,
              197.2577781758604,
              183.42475634583445,
              -409.21138905416444,
              1
            ]
          },
          "hoops_id": -75
        },
        "edges": [
          8589934606,
          8589934607,
          8589934610,
          8589934614
        ]
      },
      {
        "id": 4294967311,
        "attributes": {
          "vertex_type": "part",
          "part_number": "ST-GP-003-0001",
          "short_name": "Die Cast Gusset_16",
          "ghost_data": [
            254,
            1,
            1,
            65,
            240,
            0,
            0,
            0,
            0,
            0,
            0,
            18,
            4,
            21,
            0,
            22,
            0
          ],
          "local_matrix": {
            "m": [
              0.9999999999999973,
              -1.0391120495281555e-7,
              -9.091047458248656e-9,
              0,
              1.0391120393683737e-7,
              0.9999999999999956,
              -1.043081277869716e-7,
              0,
              9.091058896770148e-9,
              1.0430812696839272e-7,
              0.9999999999999928,
              0,
              -22.50001655692539,
              159.0000757741056,
              114.00002324954406,
              1
            ]
          },
          "hoops_id": 34359738368
        },
        "edges": [
          8589934600,
          8589934613
        ]
      },
      {
        "id": 4294967312,
        "attributes": {
          "vertex_type": "part",
          "part_number": "ST-GP-003-0001",
          "short_name": "Die Cast Gusset_17",
          "ghost_data": [
            254,
            1,
            1,
            65,
            240,
            0,
            0,
            0,
            0,
            0,
            0,
            18,
            4,
            21,
            0,
            22,
            1
          ],
          "local_matrix": {
            "m": [
              0.707106781186548,
              -0.0616284167158308,
              0.7044160264027981,
              0,
              1.9413023836620617e-16,
              0.9961946980918064,
              0.08715574274710818,
              0,
              -0.7071067811865461,
              -0.06162841671583125,
              0.7044160264027977,
              0,
              212.1070205807779,
              207.13333380393303,
              -422.04312139681394,
              1
            ]
          },
          "hoops_id": -76
        },
        "edges": [
          8589934604,
          8589934607
        ]
      },
      {
        "id": 4294967313,
        "attributes": {
          "vertex_type": "part",
          "part_number": "ST-GP-003-0001",
          "short_name": "Die Cast Gusset_18",
          "ghost_data": [
            254,
            1,
            1,
            65,
            240,
            0,
            0,
            0,
            0,
            0,
            0,
            18,
            4,
            21,
            0,
            22,
            2
          ],
          "local_matrix": {
            "m": [
              -1.0391120391434528e-7,
              -0.9999999999999956,
              1.0430812784768694e-7,
              0,
              0.9999999999999973,
              -1.0391120495281555e-7,
              -9.091047458248656e-9,
              0,
              9.091058879856596e-9,
              1.0430812703431223e-7,
              0.999999999999993,
              0,
              -607.5000165569202,
              159.00013656216035,
              114.0000285678071,
              1
            ]
          },
          "hoops_id": -77
        },
        "edges": [
          8589934615,
          8589934617
        ]
      },
      {
        "id": 4294967314,
        "attributes": {
          "vertex_type": "part",
          "part_number": "ST-GP-003-0001",
          "short_name": "Die Cast Gusset_19",
          "ghost_data": [
            254,
            1,
            1,
            65,
            240,
            0,
            0,
            0,
            0,
            0,
            0,
            18,
            4,
            21,
            0,
            22,
            3
          ],
          "local_matrix": {
            "m": [
              -0.7071067811865481,
              0.06162841671583083,
              -0.7044160264027981,
              0,
              2.8072584398975547e-16,
              0.9961946980918064,
              0.08715574274710806,
              0,
              0.707106781186546,
              0.06162841671583125,
              -0.704416026402798,
              0,
              -231.24893873874905,
              240.597563405762,
              -804.5410160197714,
              1
            ]
          },
          "hoops_id": -78
        },
        "edges": [
          8589934612,
          8589934614
        ]
      },
      {
        "id": 4294967315,
        "attributes": {
          "vertex_type": "part",
          "part_number": "MO-CV-029-0001",
          "short_name": "Motor Adaptor for O-ring Roller Conveyor_20",
          "ghost_data": [
            254,
            1,
            1,
            65,
            240,
            0,
            0,
            0,
            0,
            0,
            0,
            18,
            5,
            21,
            0,
            22,
            0
          ],
          "local_matrix": {
            "m": [
              0.9238795325112861,
              -0.03335311502113153,
              0.38122720144963634,
              0,
              1.0430812838494661e-7,
              0.9961947071828532,
              0.08715563883590326,
              0,
              -0.3826834323650825,
              -0.08052127109834135,
              0.920363903841304,
              0,
              -57.77476213425904,
              386.5010914665127,
              -185.51438377643655,
              1
            ]
          },
          "hoops_id": 47244640256
        },
        "edges": [
          8589934594,
          8589934609
        ]
      },
      {
        "id": 4294967316,
        "attributes": {
          "vertex_type": "part",
          "part_number": "MO-SM-013-0000",
          "short_name": "68mm NEMA 34 Stepper Servo Motor_21",
          "ghost_data": [
            254,
            1,
            1,
            65,
            240,
            0,
            0,
            0,
            0,
            0,
            0,
            18,
            6,
            21,
            0,
            22,
            0
          ],
          "local_matrix": {
            "m": [
              0.38268343236508245,
              0.08052127109834108,
              -0.9203639038413038,
              0,
              1.043081284508661e-7,
              0.9961947071828533,
              0.08715563883590326,
              0,
              0.9238795325112861,
              -0.03335311502113153,
              0.38122720144963634,
              0,
              -94.7299434347101,
              387.835216067358,
              -200.7634718344229,
              1
            ]
          },
          "hoops_id": 38654705664
        },
        "edges": [
          8589934609
        ]
      },
      {
        "id": 4294967317,
        "attributes": {
          "vertex_type": "part",
          "part_number": "CE-SN-007-0007",
          "short_name": "M18 Keyence Bipolar Diffuse Sensor (Sn 500)_22",
          "ghost_data": [
            254,
            1,
            1,
            65,
            240,
            0,
            0,
            0,
            0,
            0,
            0,
            18,
            7,
            21,
            0,
            22,
            0
          ],
          "local_matrix": {
            "m": [
              -1.0430812838494661e-7,
              -0.9961947071828532,
              -0.08715563883590326,
              0,
              -0.07845909572783778,
              -0.08688695893531828,
              0.993123772077058,
              0,
              -0.9969173337331276,
              0.006838256201529141,
              -0.0781605268314084,
              0,
              -10.118446154248165,
              517.5131775411369,
              94.2890762206013,
              1
            ]
          },
          "hoops_id": 133143986176
        },
        "edges": [
          8589934596
        ]
      },
      {
        "id": 4294967318,
        "attributes": {
          "vertex_type": "part",
          "part_number": "CE-SN-007-0007",
          "short_name": "M18 Keyence Bipolar Diffuse Sensor (Sn 500)_23",
          "ghost_data": [
            254,
            1,
            1,
            65,
            240,
            0,
            0,
            0,
            0,
            0,
            0,
            18,
            7,
            21,
            0,
            22,
            1
          ],
          "local_matrix": {
            "m": [
              -1.0430812838494661e-7,
              -0.9961947071828532,
              -0.08715563883590326,
              0,
              -0.6494480483301744,
              -0.06627360022157447,
              0.7575124041451808,
              0,
              -0.7604059656000349,
              0.056603138557648675,
              -0.6469767014238695,
              0,
              164.9473459474119,
              554.349155592432,
              -326.7487948743551,
              1
            ]
          },
          "hoops_id": -79
        },
        "edges": [
          8589934595
        ]
      },
      {
        "id": 4294967320,
        "attributes": {
          "vertex_type": "part",
          "part_number": "MO-CV-030-0016",
          "short_name": "O-Ring Roller Conveyor 630 mm Powered Straight Section with 1 Zone _25",
          "local_matrix": {
            "m": [
              0.7064896953873498,
              -0.06168215226414567,
              0.7050302280069662,
              0,
              1.0430812838494661e-7,
              0.9961947071828532,
              0.08715563883590326,
              0,
              -0.7077233289297988,
              -0.0615744871920843,
              0.7038013016580472,
              0,
              -9.070485136089077,
              522.6802415094855,
              -586.6468067461376,
              1
            ]
          },
          "hoops_id": 51539607552
        },
        "edges": [
          8589934623,
          8589934624,
          8589934625,
          8589934626,
          8589934627,
          8589934628,
          8589934629,
          8589934630
        ]
      },
      {
        "id": 4294967321,
        "attributes": {
          "vertex_type": "part",
          "part_number": "MO-CV-030-0006",
          "short_name": "Angle Adjustment Bracket For Roller Conveyor_26",
          "ghost_data": [
            254,
            1,
            1,
            65,
            240,
            0,
            0,
            1,
            128,
            0,
            0,
            18,
            0,
            21,
            0,
            22,
            0
          ],
          "inner_matrices": [
            {
              "hnode_name": "MO-CV-030-0006",
              "hid_offset": 2,
              "mat": {
                "m": [
                  -1.6653345369377348e-16,
                  2.3592239273284576e-16,
                  -0.9999999999999989,
                  0,
                  1.8735013540549517e-16,
                  1.0000000000000024,
                  -2.0816681711721685e-17,
                  0,
                  0.9999999999999996,
                  -1.6653345369377348e-16,
                  0,
                  0,
                  -2.4158453015843406e-13,
                  3.979039320256561e-13,
                  1.7053025658242404e-12,
                  1
                ]
              }
            },
            {
              "hnode_name": "MO-CV-030-0006_Fixed_Body_MB",
              "hid_offset": 3,
              "mat": {
                "m": [
                  1,
                  0,
                  0,
                  0,
                  0,
                  1,
                  0,
                  0,
                  0,
                  0,
                  1,
                  0,
                  0,
                  -97.50000000000001,
                  2.1649348980190562e-14,
                  1
                ]
              }
            }
          ],
          "local_matrix": {
            "m": [
              0.7064896953873493,
              -0.061682152264145654,
              0.7050302280069671,
              0,
              1.0430812828098867e-7,
              0.9961947071828523,
              0.08715563883590305,
              0,
              -0.7077233289297995,
              -0.06157448719208434,
              0.7038013016580477,
              0,
              295.89084074851075,
              462.32872853534025,
              -413.14310477859635,
              1
            ]
          },
          "hoops_id": 55834574848
        },
        "edges": [
          8589934630,
          8589934634
        ]
      },
      {
        "id": 4294967322,
        "attributes": {
          "vertex_type": "part",
          "part_number": "MO-CV-030-0006",
          "short_name": "Angle Adjustment Bracket For Roller Conveyor_27",
          "ghost_data": [
            254,
            1,
            1,
            65,
            240,
            0,
            0,
            1,
            128,
            0,
            0,
            18,
            0,
            21,
            0,
            22,
            1
          ],
          "inner_matrices": [
            {
              "hnode_name": "MO-CV-030-0006",
              "hid_offset": 2,
              "mat": {
                "m": [
                  -8.326672684688674e-16,
                  5.134781488891349e-16,
                  -0.9999999999999996,
                  0,
                  4.85722573273506e-16,
                  1.0000000000000036,
                  0,
                  0,
                  1.0000000000000009,
                  -3.8163916471489756e-16,
                  5.551115123125783e-17,
                  0,
                  -1.3358203432289883e-12,
                  1.0231815394945443e-12,
                  9.094947017729282e-13,
                  1
                ]
              }
            },
            {
              "hnode_name": "MO-CV-030-0006_Fixed_Body_MB",
              "hid_offset": 3,
              "mat": {
                "m": [
                  1,
                  0,
                  0,
                  0,
                  0,
                  1,
                  0,
                  0,
                  0,
                  0,
                  1,
                  0,
                  0,
                  -97.50000000000001,
                  2.1649348980190562e-14,
                  1
                ]
              }
            }
          ],
          "local_matrix": {
            "m": [
              0.7064896953873501,
              -0.06168215226414547,
              0.7050302280069666,
              0,
              1.043081282012249e-7,
              0.996194707182852,
              0.08715563883590285,
              0,
              -0.7077233289297996,
              -0.061574487192084214,
              0.7038013016580477,
              0,
              614.3663387669205,
              490.0372477717767,
              -729.8536905247167,
              1
            ]
          },
          "hoops_id": 64424509440
        },
        "edges": [
          8589934628,
          8589934638
        ]
      },
      {
        "id": 4294967323,
        "attributes": {
          "vertex_type": "part",
          "part_number": "MO-CV-030-0006",
          "short_name": "Angle Adjustment Bracket For Roller Conveyor_28",
          "ghost_data": [
            254,
            1,
            1,
            65,
            240,
            0,
            0,
            1,
            128,
            0,
            0,
